# Overall Threshold 1: [ -2.08689057088506 2.08688974236795 ]
# Overall Threshold 2: [ -4.17378072751157 4.17377989899446 ]
VOLNUM	fmriSeriesMoCoSeries_3.bxh	fmriSeriesMoCoSeries_5.bxh	fmriSeriesMoCoSeries_7.bxh	fmriSeriesMoCoSeries_9.bxh	fmriSeriesMoCoSeries_11.bxh
0	2.21238	1.06872	0.751533	2.14396	2.37505
1	1.58449	0.336116	-0.0717408	1.03166	1.318
2	1.28384	0.324058	0.0402711	0.897982	-0.204722
3	1.10712	-0.166815	0.361217	1.33196	0.637806
4	1.07563	0.226654	-0.230366	1.16352	-0.150597
5	0.830229	-0.185712	-0.00757472	1.03207	0.20499
6	0.65688	0.37242	-0.860086	0.984045	-0.453046
7	1.61246	0.29824	-0.56958	0.540679	-0.750563
8	1.29386	0.416477	-0.876612	0.475919	-0.793186
9	1.52039	0.742024	-0.864561	0.522381	-1.38178
10	0.99415	0.239352	-1.46476	0.36127	-1.25492
11	0.794241	0.672779	-0.990697	0.836423	-1.57164
12	-0.582979	0.508496	-0.20388	0.638763	-1.27475
13	0.146807	1.3369	0.664612	0.450128	-1.24353
14	-0.34937	1.18358	0.235426	0.987158	-1.03287
15	0.63888	1.15948	-0.661226	0.661859	-0.83378
16	0.781178	1.12154	-0.224728	1.5211	-1.08795
17	1.32157	1.08316	-0.142162	1.55673	-0.778742
18	-0.0343401	0.558712	0.186685	1.61969	-0.546141
19	-0.214401	0.728125	0.461356	1.33136	-0.425279
20	0.297356	-0.206478	-0.242772	1.46403	-0.0768721
21	0.422296	0.238583	0.0318931	0.997781	-0.116373
22	-0.378803	0.458837	-1.21859	1.51317	0.235143
23	-0.232072	0.412239	-0.540787	0.424193	0.629785
24	0.140303	0.186622	-0.221598	1.31597	0.863912
25	-0.111095	0.125347	-0.443111	1.48786	0.679899
26	-0.485833	-0.342007	-0.800423	1.39299	0.570139
27	-0.377329	-0.144524	-0.634425	0.341946	1.69072
28	-0.839385	-0.969266	-0.469352	0.552833	1.38578
29	-0.165479	-0.262399	-0.363757	-0.80574	1.27972
30	-0.243818	-1.21235	-0.290166	-0.787226	0.835977
31	0.166107	-0.853538	-0.477951	-1.3576	0.885579
32	-0.251465	-1.66024	-0.522709	-1.80035	1.1154
33	-0.249176	-1.36404	-0.865901	-1.78442	0.844211
34	-0.726709	-0.745056	-0.519132	-2.02507	0.677526
35	-0.354874	-0.628366	-1.18747	-2.21225	0.696624
36	-0.542436	-0.474667	-0.212967	-2.15329	0.695185
37	-1.01691	-1.0143	-0.274779	-2.43277	0.8115
38	-0.677292	-0.495956	0.553496	-1.771	1.05709
39	-0.485233	-0.194058	-0.0264831	-1.77405	0.811112
40	-0.379364	-0.262478	0.882715	-1.75115	2.38628
41	-0.338918	-0.300771	0.0921665	-2.07448	1.23893
42	0.327429	-0.333131	0.416097	-1.93513	0.780726
43	-0.567316	-0.792841	0.601078	-1.55473	0.680689
44	0.14804	-0.548635	0.114375	-1.6494	-3.54546e-05
45	-0.0616919	-1.31387	0.150369	-0.870073	0.255847
46	-0.335468	-0.312854	0.327812	-1.11909	-0.595764
47	-0.113235	-0.635059	-0.0187698	-1.49296	-0.450641
48	-0.581982	0.246122	0.31071	-0.802872	-0.682981
49	-0.338482	-0.275698	-0.237823	-1.01993	-0.480093
50	-0.31577	0.434758	0.11499	-0.270345	-0.783739
51	-0.359248	-0.309569	-0.254546	-0.170847	-0.615307
52	-0.373993	-0.0190304	-0.179398	-0.151376	-1.03632
53	-0.67074	-0.728688	-0.00933716	-0.236572	-1.09652
54	-0.441139	-0.666023	-0.494011	-0.200509	-0.957225
55	-0.520618	-0.43915	-0.364302	-0.0189404	-0.91494
56	-0.721281	-0.750057	-0.817763	0.543822	-1.02947
57	-0.254105	-1.60109	-1.01502	0.833768	-0.701346
58	-0.468115	-1.11135	-0.581314	0.635353	-1.08333
59	-0.192787	-0.917473	-1.01473	0.826289	-1.03133
60	-0.458955	-0.0512792	-0.467285	-0.295046	-1.2195
61	-0.369667	-0.758798	-1.15219	0.285937	-1.14005
62	-0.226796	-0.347631	-0.40819	0.854443	-0.972447
63	-0.68346	-1.16523	-0.766762	0.400266	-0.872888
64	0.121393	-0.720868	-0.307677	0.236698	-0.408158
65	0.351217	-0.7436	-0.085694	0.547649	0.0451391
66	0.0637015	-0.507938	-0.203694	0.524743	0.0396046
67	0.377256	-0.18557	-0.0683398	0.457639	-0.734468
68	0.106248	0.0451046	-0.414424	0.354634	0.204829
69	0.492309	-0.171211	0.0782579	0.534516	0.480536
70	-0.826563	0.204263	0.201469	0.164942	-0.847416
71	0.421461	-0.476555	0.407885	-0.0597409	0.242866
72	0.241717	0.0549146	0.185412	-1.4871	0.25645
73	0.755422	-0.402025	0.160977	-0.44064	0.781961
74	0.719186	-0.840293	0.126231	-0.367461	0.846617
75	0.0981256	0.0887475	0.626026	0.0439958	-0.690743
76	0.414069	-0.33832	0.34449	-0.0969918	-0.069194
77	0.117087	-0.017581	0.61402	-0.330396	0.16937
78	-0.0432624	-0.478161	0.099579	-0.5417	0.273674
79	-0.104341	-0.168525	0.582683	-0.927066	-0.199867
80	-0.681802	-0.213647	0.724277	-0.805965	-0.509769
81	-0.668485	-0.363088	0.453554	-1.10924	-1.55854
82	-0.524547	-0.210392	0.523481	-0.0701573	-0.63597
83	-0.986992	-0.477404	0.119783	0.195489	-0.290662
84	-0.481729	-0.200322	0.543888	0.53004	-0.28722
85	-0.897712	-0.401166	-0.472768	0.486997	-0.364534
86	-0.463617	-0.0503394	-0.477777	1.26932	-0.404985
87	-0.451535	-0.0219741	0.588667	0.695996	-0.357732
88	-0.459342	-0.426465	0.689643	1.01232	-0.234838
89	-0.342854	-0.0979321	1.06592	0.327467	-0.492236
90	0.0636871	-0.376966	-0.255645	0.282415	-0.30531
91	-0.0754357	0.193292	0.21486	0.457261	-0.753309
92	-0.920919	0.140653	-0.417669	0.204057	0.0201897
93	-0.28201	0.305874	0.47467	0.657703	-0.143175
94	-0.734286	0.0966556	0.0691651	0.476166	0.168037
95	-0.200104	0.659655	-0.277006	-0.138719	0.877058
96	0.276272	-0.00567673	-0.27781	0.11546	1.04628
97	0.449953	0.64454	0.292323	0.0480267	0.444921
98	0.329814	-0.186828	0.367461	-0.235011	0.529836
99	0.284372	-0.701543	0.687889	-0.0508934	-0.384065
100	-0.185204	-0.383705	0.433261	-0.693898	0.498002
101	-0.139527	0.199935	0.0810091	-0.314444	0.257397
102	0.0504818	0.19858	0.479851	-0.833862	-0.0929189
103	-0.0319052	0.536677	-0.030081	-0.91141	-0.36582
104	0.0971991	-0.325881	0.621482	-0.42155	0.94104
105	-0.181359	-0.12094	0.262946	-1.0457	0.641487
106	-0.378416	-0.735271	0.332634	-0.592289	0.93539
107	-0.223586	-0.799715	0.861616	-1.30641	0.474527
108	-0.461862	-0.526041	0.243949	-0.853245	1.00466
109	-1.24222	-0.944027	0.404016	-1.28281	0.432164
110	-0.686589	-0.287129	-0.487959	-1.14774	0.300353
111	-0.647054	-0.655175	0.28702	-0.363856	-0.575304
112	-0.230724	-0.195455	0.569743	-0.8234	-0.288495
113	-0.280548	-0.710691	0.123298	0.370512	-0.948733
114	-0.510207	-0.674707	0.394784	-0.339499	-1.05953
115	-0.0760069	0.110815	-0.237947	0.342543	-0.317363
116	0.00753508	-0.343008	0.776306	-0.234161	-0.406807
117	-0.411208	0.762483	0.531247	0.363091	-1.20172
118	-0.320287	0.0298491	1.06252	0.139122	-0.7864
119	-0.497613	0.576907	1.08555	-0.613109	0.251281
120	-1.3335	0.770183	0.515574	-1.0282	0.159432
121	-1.20857	0.464335	0.731853	0.556841	0.0714158
122	0.248804	1.21064	0.541208	0.257474	-0.0605373
123	0.593678	0.512006	-0.16683	1.06368	-0.0152385
124	-0.596444	-0.0967943	-0.724077	0.223793	0.768459
125	0.294191	0.17835	-0.258079	0.737104	0.256157
126	0.0213088	0.56118	0.497566	-0.0504281	0.598038
127	0.00723825	1.40714	0.390342	0.301955	1.05004
128	-0.0509847	1.51956	0.652464	0.13222	1.09114
129	0.156106	0.855418	0.550179	0.0712351	-0.32072
130	-0.198447	0.776537	0.00621938	-0.377897	0.838628
131	0.318257	0.579547	-0.38075	-0.636405	0.991594
132	-0.239691	0.196532	-0.190606	-0.663889	0.890056
133	0.483	1.39084	-1.41591	-0.552563	1.19278
134	-0.00183109	0.403898	-0.103714	-0.247492	0.557927
135	-0.0638081	0.683779	-0.444129	-1.55888	-0.0253965
136	0.384749	-0.0679684	0.373245	-0.784894	-0.441711
137	-0.132536	-0.132155	-0.275111	-0.824118	0.346612
138	0.514607	0.0895902	-0.859249	-0.317817	-0.0593831
139	0.50132	-0.477276	-0.93588	0.0812156	0.520491
140	0.63066	0.692549	-1.22949	-0.287239	-0.254706
141	0.265409	1.10859	0.362445	-0.39328	-0.357045
142	-0.182063	1.02832	0.402593	-0.577277	-0.958375
143	0.230219	0.738784	0.814821	-1.02209	-0.567349
144	0.442737	1.08922	0.504771	0.774856	-1.01001
145	0.323842	0.193502	0.658113	0.27747	-1.04562
146	0.730463	0.25266	0.291871	1.03245	-1.01504
147	0.641388	0.483595	0.150607	-0.180545	-1.04175
148	0.263006	0.449881	0.38467	-0.226431	-0.806952
149	0.773039	0.908076	0.503792	0.659893	-0.774847
150	0.222414	1.18235	0.216688	0.644899	-0.936399
151	0.896683	0.882301	0.447144	1.44222	-0.374476
152	0.514855	0.521721	-0.115374	1.35318	-0.131672
153	0.483788	0.231293	-0.0317677	1.31195	-0.0561878
154	0.578813	0.515612	0.0796346	0.562822	0.308631
155	0.620273	0.255661	0.4539	0.793803	0.242328
156	0.24301	0.374145	0.294963	0.0536592	-0.01507
157	0.589183	0.277447	0.0156097	0.693164	0.452251
158	0.190389	0.438818	0.0368385	0.555056	1.35046
159	0.438639	-0.111974	-0.673156	-0.262593	0.97877
160	-0.00683264	-0.0210947	0.174923	1.38388	1.37886
161	-0.315851	-0.841845	-0.127006	0.840722	0.675862
162	0.12205	-1.14881	0.4342	0.768822	1.0495
163	-0.522496	0.00250585	0.273645	0.534281	0.91028
164	-0.0996134	-0.209948	-0.188231	0.313414	0.381538
165	-0.224028	0.599273	0.545044	0.727923	0.756018
