VOLNUM	fmriSeriesMoCoSeries_3.bxh	fmriSeriesMoCoSeries_5.bxh	fmriSeriesMoCoSeries_7.bxh	fmriSeriesMoCoSeries_9.bxh	fmriSeriesMoCoSeries_11.bxh
0	4.22908	4.37039	4.70969	4.55325	4.06112
1	4.12863	4.34357	4.64744	4.31842	4.23115
2	4.31378	4.30522	4.59825	4.17578	4.56213
3	4.00143	4.35332	4.63245	4.0655	4.36282
4	4.08716	4.20328	4.54439	4.26547	4.25052
5	4.29077	4.16739	4.84405	4.16714	4.06528
6	4.25671	4.11481	4.65901	4.50161	4.4318
7	4.43235	4.06876	4.52457	3.96076	4.39103
8	3.91339	4.15387	4.73374	4.09161	4.49155
9	4.23241	4.0842	4.77571	4.15603	4.52835
10	3.93004	4.31109	4.62946	4.40784	4.54311
11	4.33261	4.34803	4.61097	4.50054	4.38834
12	4.31324	4.11448	4.22449	4.6841	4.49193
13	4.61482	4.06665	4.36855	4.58786	4.291
14	4.26135	4.27413	4.36641	4.33091	4.27857
15	4.35144	4.476	4.32165	3.90421	4.33311
16	4.25518	4.20164	4.18929	4.75874	4.40062
17	4.48672	4.52342	4.39725	4.62409	4.32203
18	4.47978	4.4368	4.162	4.40781	4.19115
19	4.57391	4.098	4.23562	4.10676	4.05811
20	4.37555	4.21072	4.30292	4.2251	4.34737
21	4.34724	4.28904	4.2772	4.20582	4.30066
22	4.49973	4.18562	4.63492	4.2664	4.62239
23	4.18555	4.52352	4.44756	4.28823	4.47426
24	4.09657	4.28131	4.18437	4.32505	4.1005
25	4.00499	4.10565	4.04601	4.2586	4.05341
26	4.14384	4.31734	4.0302	4.47474	4.20602
27	4.51527	4.09394	4.10903	4.4823	4.39952
28	4.27182	4.07368	3.89964	4.37063	4.28323
29	3.98629	4.30172	4.2023	4.31004	4.50119
30	4.3115	4.45527	4.108	4.45101	4.2356
31	4.01788	4.41682	4.16874	4.40232	4.16693
32	3.89976	4.34899	4.15856	4.41422	4.00939
33	4.02709	4.37201	4.35979	4.56614	4.18164
34	4.2199	4.16081	4.41158	4.52557	4.13705
35	4.24308	4.0852	4.34226	4.52733	4.39302
36	4.27173	4.08139	4.42396	4.37362	4.34576
37	4.46887	4.09481	4.04628	4.44324	4.62295
38	4.23383	3.88177	4.22574	4.44501	4.36108
39	4.12471	4.23951	4.35074	4.4688	4.48905
40	4.19753	4.14996	4.34916	4.36847	4.57597
41	4.25456	3.94979	4.24688	4.39395	4.51862
42	4.24603	4.42723	4.27637	4.34516	4.18854
43	4.68507	4.29794	4.61922	4.55719	4.36502
44	4.14264	4.29906	4.47725	4.40576	4.101
45	4.2617	4.09715	4.39462	4.08436	4.22345
46	4.3398	4.05933	4.37361	4.11716	4.31743
47	4.2983	4.1221	4.32377	4.2089	4.23874
48	4.48934	4.45372	4.30292	4.2631	4.05115
49	4.15682	4.25438	4.377	4.32711	4.3002
50	4.04828	4.1672	4.11397	4.20974	4.03172
51	3.92167	4.07478	4.44298	4.21375	4.06444
52	4.27513	4.0718	4.07968	4.26243	4.02368
53	4.23258	3.83286	4.09925	3.9197	4.33026
54	4.321	3.72215	4.40075	4.03649	4.00204
55	4.11593	4.11656	4.0509	4.15439	4.25622
56	4.24409	4.30571	4.0948	4.18924	4.16041
57	4.28856	4.16224	4.19775	4.17803	4.20134
58	4.32644	4.04924	4.2923	4.27079	4.04519
59	4.31412	4.10411	4.26887	4.42722	4.17583
60	4.19934	4.06856	4.21853	4.11968	4.14907
61	4.27687	4.15126	4.29512	4.46701	4.12497
62	4.22711	4.07711	4.31816	4.1685	4.23104
63	4.61857	4.11008	4.30394	4.31324	4.0995
64	4.3392	4.32659	4.15651	4.16985	4.12534
65	4.17027	4.06275	3.82847	3.93678	4.09843
66	4.34036	4.0045	4.17892	4.02272	3.96857
67	4.12805	3.82885	4.05732	4.08651	4.36365
68	3.90596	4.2988	4.01799	3.7817	4.35934
69	4.41044	4.4319	3.93468	4.17697	4.29628
70	4.4965	4.21223	4.16996	4.37819	4.47124
71	4.29505	4.04483	4.40554	4.1681	4.17566
72	4.13639	4.11693	4.23396	4.62824	4.15325
73	4.29095	3.63976	4.3227	4.16122	4.00864
74	4.28043	4.20977	4.34849	4.15551	4.30914
75	4.31293	4.09192	4.47859	4.26399	4.19517
76	4.37778	4.24274	4.44472	3.96257	4.28041
77	4.04932	4.08486	4.32489	4.26956	4.10318
78	4.06485	3.88686	4.26407	3.99187	4.04245
79	4.21208	4.11162	4.24831	4.16202	3.8652
80	3.83886	3.66838	4.27338	4.2167	4.22005
81	4.22973	4.21486	4.14088	4.4922	4.37656
82	4.33008	3.95536	4.30416	4.47135	4.26178
83	4.47102	4.05433	4.27356	4.15235	4.09099
84	4.28619	4.07891	4.20345	4.11864	4.25001
85	4.07528	4.05056	4.46677	4.3644	4.07975
86	4.00963	4.06401	4.14728	4.49471	4.23645
87	4.19944	3.932	4.1746	4.20634	4.35894
88	4.03751	4.02916	4.17969	4.47632	4.2328
89	3.96014	4.18084	4.46244	4.3675	4.25686
90	4.2798	4.3027	4.35149	4.28278	4.08728
91	4.24185	4.1543	4.41377	4.44927	4.87471
92	4.08888	4.30691	4.40336	4.12142	4.19045
93	4.04437	4.59375	4.57365	4.3945	4.09054
94	4.38804	4.28442	4.524	4.0964	4.00005
95	4.29364	4.7263	4.61926	4.49753	4.38758
96	4.1012	4.67241	4.32604	4.25003	4.56017
97	3.98487	4.47862	4.26425	4.36999	4.84172
98	4.16419	4.18414	4.11832	4.30771	4.70916
99	4.39809	4.24762	4.20641	4.06227	4.42853
100	4.63619	3.99035	4.41067	4.32218	4.92161
101	4.40818	4.05877	4.19409	3.99682	4.861
102	4.16287	4.24834	4.36076	3.82555	4.47967
103	4.23111	4.20857	4.1762	4.28295	4.49505
104	4.32988	3.94704	4.27593	4.47569	4.68939
105	3.87479	3.93026	4.24815	4.37567	4.76668
106	4.1763	3.77297	4.1242	4.22018	4.44101
107	4.31925	4.01687	4.17522	4.25006	4.30748
108	4.50264	4.24771	4.45904	4.28863	4.56923
109	4.24563	4.2389	4.38496	4.03486	4.55542
110	4.04468	4.14752	4.50988	4.21447	4.61294
111	4.05834	4.19846	4.54241	4.3586	4.55365
112	4.33234	4.17355	3.88672	4.34434	4.24823
113	4.15154	3.93722	4.34484	4.31417	4.02431
114	4.55347	4.18024	4.32431	4.28204	4.12955
115	4.40666	4.41815	4.32136	4.75842	4.4021
116	3.81219	4.4801	4.28944	4.40583	4.13677
117	4.17397	4.29191	4.53354	4.42304	4.28292
118	4.08041	4.09691	4.41175	4.33367	4.24846
119	4.11067	4.18537	4.29105	4.50562	4.81904
120	4.28986	4.0175	4.06734	4.07646	4.0809
121	4.25989	4.3719	4.64152	4.52279	4.23655
122	4.03216	4.3549	4.53675	4.28209	4.49875
123	4.43096	4.49957	4.41172	4.26145	4.33316
124	4.20631	4.2579	3.9251	4.26277	4.24853
125	4.22973	3.89658	4.09246	4.28029	4.37586
126	4.19171	4.33997	4.0877	4.26624	4.26365
127	4.07531	4.38209	4.32824	4.54161	4.23494
128	4.0554	4.86438	4.30136	4.35825	4.74529
129	4.05383	4.30637	4.15083	4.42706	4.57605
130	3.92124	4.14515	4.38304	4.1518	4.6194
131	3.97432	4.10466	4.30356	4.03632	4.22266
132	4.21897	4.06465	4.23417	4.09777	4.11144
133	4.15276	4.33589	4.63354	4.37908	4.2658
134	4.05183	4.41463	4.2871	4.32316	4.17025
135	4.1205	4.18456	4.22269	4.64739	4.47029
136	4.13655	3.85305	4.28181	4.22875	4.27284
137	4.17237	4.19097	4.0183	4.16778	4.26369
138	4.26714	4.31305	4.36834	4.3819	4.28169
139	4.18212	4.28583	4.46063	4.35933	4.18487
140	4.23215	4.23399	4.29495	4.2473	4.29599
141	4.2222	4.11665	4.42039	4.18955	4.25398
142	4.47093	4.37783	4.37757	4.3871	4.37081
143	4.63975	4.32266	4.3266	4.29969	4.0731
144	4.23979	4.33775	4.39132	4.37668	4.21826
145	4.32352	4.42969	4.26384	4.30198	4.18837
146	4.22376	4.22307	4.47146	4.41562	4.36701
147	4.32539	4.21885	4.66019	4.32113	4.21343
148	4.47451	4.69105	4.55885	3.99976	4.2084
149	4.16349	4.51077	4.50885	4.17731	4.23855
150	4.19261	4.59166	4.46882	4.32843	4.22218
151	4.36821	4.48009	4.44345	4.64276	4.0915
152	4.00338	5.11273	4.29889	4.4956	4.20275
153	4.18726	4.61573	4.30013	4.49072	4.68659
154	3.89365	4.26109	4.11044	4.71035	4.41532
155	4.11807	4.1596	4.14225	4.48676	4.29543
156	4.27147	4.28255	3.86105	4.53749	4.2794
157	4.08155	4.22797	4.40886	4.34375	4.10663
158	4.0425	4.29712	4.26875	4.12865	4.56628
159	4.30151	4.20426	4.25148	4.7023	4.17528
160	4.05673	4.18242	4.42646	4.81899	4.40235
161	4.25716	4.32178	4.03924	4.53918	4.35357
162	4.30022	4.22176	4.1423	4.69762	4.66919
163	4.12355	4.20184	4.13859	4.51747	4.48635
164	4.23014	4.03971	4.59839	4.4066	4.14804
165	4.19424	4.11395	4.52938	4.22559	4.37353
