VOLNUM	fmriSeriesEncode_1Run1_2.bxh	fmriSeriesEncode_1Run2_4.bxh	fmriSeriesEncode_1Run3_6.bxh	fmriSeriesEncode_1Run4_8.bxh	fmriSeriesEncode_1Run5_10.bxh
0	767.444	772.928	769.408	768.595	775.418
1	762.976	770.855	768.257	767.485	772.104
2	763.13	770.422	767.482	766.907	771.028
3	762.307	770.191	768.736	767.257	771.241
4	763.706	770.585	767.778	768.084	771.075
5	763.433	770.548	768.761	768.018	771.315
6	765.7	770.411	768.465	767.928	772.463
7	765.254	771.403	768.374	767.15	774.269
8	767.377	772.342	769.327	767.607	775.306
9	767.278	773.584	769.906	768.558	775.019
10	769.012	773.603	769.631	768.922	777.133
11	767.953	770.468	770.132	769.131	779.87
12	766.372	773.763	765.549	766.948	773.856
13	769.018	771.288	768.028	768.878	774.925
14	770.575	774.003	769.604	769.863	775.743
15	770.283	774.106	769.148	769.876	775.159
16	771.866	774.939	770.841	770.786	776.293
17	767.608	774.901	770.547	769.94	773.985
18	766.694	771.007	768.132	768.971	774.655
19	768.264	774.301	770.246	768.323	776.622
20	767.802	775.455	771.071	768.81	776.962
21	768.78	774.645	770.645	768.781	777.609
22	767.962	774.054	769.901	767.627	777.804
23	766.111	769.876	768.951	764.33	772.796
24	766.82	771.366	768.129	767.632	774.677
25	767.062	772.876	770.506	768.569	774.514
26	766.906	772.296	770.407	770.366	775.102
27	767.002	772.829	770.65	770.895	774.562
28	766.344	772.707	769.559	772.123	776.512
29	766.939	772.942	768.608	770.402	775.268
30	766.813	772.721	768.329	769.835	775.308
31	766.904	772.645	767.384	767.983	775.257
32	766.664	772.371	767.995	767.227	774.677
33	767.433	772.741	768.013	765.871	774.934
34	767.125	772.68	768.763	766.654	775.812
35	767.199	772.386	769.599	766.219	775.074
36	765.379	772.456	769.025	767.448	775.629
37	765.043	772.734	769.761	768.977	775.456
38	764.661	768.229	766.307	766.971	773.115
39	768.71	771.476	768.983	768.938	774.875
40	770.709	773.975	769.37	768.981	775.618
41	771.173	773.942	770.344	769.588	775.571
42	769.639	775.971	770.509	770.202	776.466
43	767.44	772.555	770.391	769.569	774.73
44	766.643	772.418	770.671	769.192	770.725
45	768.861	773.841	769.058	770.304	776.682
46	770.48	774.299	773.962	770.474	775.988
47	768.998	773.501	769.721	770.112	774.472
48	768.996	774.086	769.741	770.26	772.434
49	764.818	770.749	767.413	767.004	772.107
50	765.525	770.433	768.496	766.939	776.028
51	766.913	772.51	768.113	767.394	778.514
52	766.769	774.118	768.548	766.664	779.038
53	767.675	773.566	767.355	766.713	779.097
54	767.482	774.097	768.334	769.299	777.361
55	766.954	773.333	767.286	770.46	776.056
56	766.052	773.766	768.727	770.256	774.777
57	766.628	772.875	769.092	769.091	775.133
58	766.503	772.012	769.695	769.283	774.141
59	766.964	772.388	771.567	768.154	774.883
60	766.978	772.106	771.584	766.62	775.027
61	767.424	772.038	769.986	766.945	774.215
62	767.779	772.082	770.372	767.315	773.882
63	767.507	772.579	768.9	768.255	773.824
64	765.364	769.378	768.242	767.032	775.916
65	767.294	771.435	769.406	769.05	775.166
66	769.237	772.768	769.893	769.339	774.391
67	768.752	773.265	768.795	770.12	774.588
68	770.885	774.219	768.694	769.669	773.753
69	767.611	772.079	767.783	768.507	774.163
70	767.347	770.223	767.887	767.576	772.609
71	769.078	775.458	769.289	769.484	774.497
72	768.308	775.106	768.866	769.42	775.893
73	767.923	776.593	770.125	768.976	774.915
74	767.469	776.56	770.577	769.808	775.923
75	763.082	770.237	769.072	768.781	777.337
76	766.525	771.87	768.805	771.372	777.237
77	766.843	772.168	769.949	769.632	777.514
78	766.928	773.101	769.016	769.64	776.697
79	767.766	772.647	770.756	769.012	776.948
80	768.777	772.182	768.973	768.635	776.853
81	768.483	771.245	770.97	767.926	775.565
82	768.42	771.25	769.808	765.83	775.412
83	768.556	771.823	769.201	766.549	775.007
84	767.573	772.307	770.875	766.098	776.269
85	767.309	773.992	769.193	767.56	775.163
86	766.62	773.642	768.685	768.757	776.419
87	767.019	774.153	767.663	769.278	776.081
88	766.259	773.428	767.958	768.164	776.955
89	766.47	773.309	768.478	767.638	776.571
90	763.709	770.18	766.392	767.276	756.954
91	767.025	772.25	768.416	768.428	768.466
92	768.332	773.145	769.118	768.826	774.728
93	768.484	774.608	769.241	769.779	775.358
94	770.231	774.307	769.298	769.818	777.572
95	767.207	771.635	768.51	768.869	775.508
96	767.07	772.702	770.12	767.622	777.428
97	768.642	771.742	769.918	770.933	779.738
98	768.915	772.978	770.274	771.221	779.975
99	767.677	773.586	770.238	771.078	779.677
100	767.676	773.575	770.363	771.271	775.936
101	765.935	769.807	769.544	768.737	776.578
102	768.11	771.437	771.058	768.633	774.271
103	770.104	771.588	769.96	768.884	775.028
104	768.375	772.221	769.485	767.329	774.504
105	768.029	772.651	770.181	766.654	775.347
106	767.295	773.745	770.536	766.736	774.379
107	768.176	774.643	770.043	766.667	775.858
108	766.812	773.995	769.57	767.597	775.145
109	766.127	773.288	768.643	768.1	775.547
110	765.269	773.3	768.404	767.794	775.014
111	764.521	774.335	768.298	767.409	774.559
112	764.388	773.432	768.081	766.699	773.62
113	765.257	773.527	768.015	766.905	772.557
114	766.26	773.745	766.253	771.569	772.992
115	766.694	773.623	767.579	773.216	773.559
116	768.857	769.145	767.686	767.436	772.922
117	764.434	771.606	767.982	768.714	773.838
118	773.444	772.567	769.112	770.122	775.709
119	771.171	772.904	770.271	770.786	776.589
120	772.299	772.962	769.405	771.234	777.565
121	770.313	772.188	769.628	767.929	776.809
122	766.986	771.135	768.821	767.458	777.147
123	768.847	768.954	774.043	768.824	778.61
124	767.228	777.158	772.129	768.548	776.309
125	767.669	774.978	769.384	767.416	776.003
126	766.537	774.076	769.605	767.176	776.696
127	763.174	770.25	767.56	765.957	772.393
128	765.053	771.522	770.464	766.234	774.357
129	766.747	772.835	770.37	766.088	773.711
130	766.498	773.194	769.48	768.628	773.755
131	766.913	773.457	770.167	769.335	774.526
132	767.791	773.319	768.661	771.993	776.828
133	768.229	772.895	768.102	771.866	778.027
134	767.652	773.021	769.447	771.728	775.327
135	768.199	772.358	770.082	771.643	776.059
136	766.75	772.868	770.353	769.864	775.319
137	766.428	772.435	768.748	769.103	775.721
138	767.65	773.324	768.186	767.145	776.473
139	768.68	772.832	767.176	765.489	775.904
140	768.203	772.126	767.47	765.48	773.872
141	767.624	773.217	768.898	768.075	773.078
142	766.043	769.853	766.383	764.832	771.418
143	768.426	771.983	768.247	768.042	771.478
144	767.997	774.362	769.119	768.379	771.683
145	768.344	775.18	769.617	769.24	773.85
146	768.432	776.66	770.41	770.347	774.59
147	767.235	774.011	770.896	769.997	774.773
148	766.582	770.907	768.186	768.845	776.971
149	767.992	773.035	771.648	768.68	778.615
150	767.284	772.93	771.712	769.48	779.137
151	767.724	771.72	770.443	769.126	779.172
152	767.507	772.96	769.624	769.583	779.424
153	766.154	769.412	768.056	767.758	775.574
154	766.995	771.253	769.258	770.14	776.901
155	767.658	771.838	770.683	769.055	774.599
156	767.335	773.039	770.609	769.672	774.145
157	767.05	772.836	768.968	768.539	773.338
158	767.56	773.618	768.746	767.883	773.817
159	767.652	772.779	767.614	767.817	774.307
160	768.089	772.559	768.086	767.108	774.768
161	767.665	773.754	768.052	767.579	777.051
162	768	772.761	768.602	767.194	775.467
163	767.311	773.237	768.901	768.959	774.169
164	767.745	773.648	769.13	768.722	776.033
165	767.497	773.198	769.062	768.544	774.407
