VOLNUM	fmriSeriesEncode#1Run1_2.bxh	fmriSeriesEncode#1Run2_4.bxh	fmriSeriesEncode#1Run3_6.bxh	fmriSeriesEncode#1Run4_8.bxh	fmriSeriesEncode#1Run5_10.bxh
0	115.044	115.606	115.66	115.894	115.953
1	115.09	115.706	115.738	115.835	116.091
2	115.137	115.597	115.742	115.81	116.025
3	115.05	115.685	115.75	115.797	116.037
4	115.03	115.567	115.69	115.87	115.918
5	115.043	115.687	115.755	115.715	115.927
6	115.032	115.517	115.645	115.843	115.997
7	114.997	115.707	115.715	115.717	115.931
8	115.087	115.608	115.743	115.743	115.944
9	115.062	115.692	115.738	115.773	115.928
10	115.075	115.574	115.746	115.707	115.941
11	115.066	115.7	115.652	115.782	115.859
12	115.198	115.734	115.892	115.858	116.077
13	115.119	115.84	115.738	115.891	116.01
14	115.254	115.761	115.891	115.909	116.054
15	115.146	115.803	115.76	115.897	115.939
16	115.239	115.756	115.879	115.936	116.051
17	115.121	115.763	115.851	115.905	116.029
18	115.29	115.85	115.922	116.049	116.179
19	115.225	115.795	115.765	115.878	116.026
20	115.335	115.891	115.912	115.917	116.138
21	115.197	115.789	115.752	116.039	115.963
22	115.23	115.849	115.864	115.939	116.084
23	115.19	115.758	115.779	115.973	116.077
24	115.367	115.866	115.87	116.003	116.13
25	115.199	115.747	115.682	115.912	115.955
26	115.256	115.829	115.765	115.985	116.009
27	115.158	115.696	115.665	115.949	116.023
28	115.206	115.741	115.727	115.965	115.981
29	115.089	115.657	115.613	115.926	115.976
30	115.118	115.684	115.709	115.895	115.989
31	115.035	115.619	115.574	115.833	115.921
32	115.071	115.642	115.693	115.791	115.99
33	115.096	115.57	115.676	115.819	115.99
34	115.055	115.6	115.637	115.834	115.927
35	115.156	115.489	115.751	115.698	116.079
36	115.056	115.559	115.591	115.752	115.911
37	115.108	115.626	115.765	115.788	116.015
38	115.184	115.731	115.719	115.847	116.039
39	115.237	115.699	115.857	115.892	116.043
40	115.122	115.74	115.701	115.815	115.955
41	115.225	115.697	115.805	115.775	116.076
42	115.178	115.743	115.854	115.774	116.011
43	115.218	115.713	115.845	115.944	116.235
44	115.223	115.873	115.929	115.877	116.105
45	115.257	115.708	115.945	115.989	116.212
46	115.2	115.779	115.688	115.859	116.088
47	115.234	115.625	115.776	115.937	116.205
48	115.114	115.714	115.898	115.858	116.036
49	115.332	115.732	115.931	115.954	116.19
50	115.208	115.803	115.928	115.887	116.147
51	115.315	115.731	115.881	115.871	116.249
52	115.134	115.764	115.904	115.852	116.279
53	115.261	115.7	115.794	115.827	116.31
54	115.131	115.746	115.841	115.9	116.204
55	115.214	115.672	115.744	115.838	116.244
56	115.018	115.638	115.79	115.951	116.144
57	115.145	115.634	115.719	115.73	116.169
58	115.096	115.597	115.718	115.929	116.171
59	115.026	115.645	115.785	115.768	116.244
60	115.013	115.517	115.703	115.839	116.032
61	115.066	115.63	115.821	115.835	116.214
62	115.046	115.478	115.645	115.733	116.037
63	115.101	115.555	115.814	115.933	116.139
64	115.18	115.623	115.775	115.824	116.153
65	115.179	115.712	115.868	115.983	116.268
66	115.187	115.687	115.77	115.807	116.132
67	115.214	115.739	115.768	115.913	116.205
68	115.203	115.728	115.739	115.858	116.098
69	115.197	115.855	115.798	115.96	116.108
70	115.327	115.86	115.754	116.018	116.233
71	115.214	115.85	115.814	115.793	116.042
72	115.339	115.764	115.71	115.937	116.193
73	115.211	115.785	115.805	115.78	116.114
74	115.25	115.769	115.729	115.953	116.102
75	115.303	115.856	115.886	115.981	116.251
76	115.278	115.74	115.786	116.067	116.21
77	115.186	115.763	115.907	115.939	116.217
78	115.289	115.757	115.762	115.963	116.145
79	115.112	115.687	115.911	115.973	116.164
80	115.211	115.688	115.721	115.933	116.078
81	115.105	115.561	115.866	115.875	116.21
82	115.22	115.602	115.758	115.954	116.047
83	115.082	115.544	115.761	115.916	116.139
84	115.228	115.575	115.816	115.805	115.967
85	115.091	115.553	115.763	116.022	116.099
86	115.179	115.514	115.849	115.95	116.041
87	115.106	115.555	115.776	116.005	116.036
88	115.198	115.507	115.806	115.914	116.109
89	115.037	115.657	115.788	116.074	116.013
90	115.326	115.566	115.863	115.98	116.675
91	115.173	115.698	115.867	116.131	116.118
92	115.317	115.541	115.871	115.996	116.254
93	115.242	115.644	115.854	116.133	116.177
94	115.349	115.522	115.795	116.036	116.179
95	115.334	115.617	115.893	116.088	116.196
96	115.406	115.667	115.842	116.166	116.285
97	115.249	115.628	115.892	116.071	116.175
98	115.328	115.578	115.79	116.132	116.351
99	115.225	115.489	115.857	116.018	116.141
100	115.308	115.695	115.786	116.172	116.306
101	115.263	115.596	115.941	116.081	116.285
102	115.362	115.683	115.806	116.102	116.348
103	115.143	115.498	115.916	115.991	116.15
104	115.091	115.572	115.783	116.003	116.299
105	115.274	115.533	115.896	115.905	116.16
106	115.21	115.484	115.785	115.901	116.25
107	115.232	115.485	115.873	115.807	116.099
108	115.175	115.442	115.735	115.875	116.232
109	115.191	115.451	115.874	115.767	116.066
110	115.13	115.418	115.771	115.817	116.205
111	115.106	115.479	115.818	115.837	116.077
112	115.085	115.39	115.749	115.912	116.14
113	115.143	115.463	115.831	115.829	116.128
114	115.047	115.375	115.746	115.831	116.045
115	115.192	115.502	115.799	115.752	116.198
116	115.131	115.564	115.917	115.923	116.071
117	115.39	115.614	115.954	115.821	116.232
118	115.27	115.548	115.877	115.912	116.088
119	115.376	115.619	115.934	115.79	116.279
120	115.341	115.522	115.89	115.692	116.187
121	115.312	115.735	116.028	115.903	116.362
122	115.498	115.537	115.817	116.002	116.165
123	115.313	115.862	116.098	115.938	116.26
124	115.427	115.456	116.001	115.897	116.17
125	115.284	115.567	116.049	115.87	116.201
126	115.339	115.66	115.928	115.907	116.193
127	115.304	115.617	116.075	115.953	116.222
128	115.363	115.651	115.97	115.843	116.227
129	115.29	115.491	116.053	115.857	116.096
130	115.303	115.606	115.956	115.818	116.146
131	115.26	115.551	115.99	115.821	116.04
132	115.28	115.648	115.953	115.883	116.2
133	115.152	115.487	115.941	115.791	115.999
134	115.197	115.574	115.86	115.924	115.858
135	115.175	115.47	115.985	115.775	116.135
136	115.203	115.518	115.893	115.931	116.037
137	115.179	115.518	115.858	115.752	116.054
138	115.203	115.512	115.828	115.897	116.172
139	115.171	115.489	115.821	115.802	116.155
140	115.176	115.479	115.83	115.855	116.107
141	115.162	115.514	115.893	115.934	116.104
142	115.31	115.58	116.03	115.951	116.157
143	115.244	115.633	116.029	115.993	116.08
144	115.314	115.626	115.905	115.895	116.026
145	115.194	115.67	116.018	116.036	116.139
146	115.336	115.72	115.963	115.891	115.95
147	115.289	115.636	116.1	116.043	116.141
148	115.392	115.809	116.108	116.072	116.172
149	115.293	115.682	116.034	116.126	116.075
150	115.357	115.673	116.07	116.03	116.046
151	115.279	115.68	116.029	116.114	116.072
152	115.375	115.672	116.149	116.055	116.146
153	115.363	115.691	116.012	116.196	116.182
154	115.339	115.742	116.224	116.098	116.162
155	115.264	115.569	115.997	116.076	116.07
156	115.275	115.607	116.064	116.066	116.098
157	115.241	115.614	115.957	115.998	115.968
158	115.253	115.554	116.012	115.997	116.086
159	115.202	115.531	115.88	115.912	116.039
160	115.249	115.524	115.952	116.017	115.992
161	115.18	115.491	115.822	115.946	116.067
162	115.15	115.464	115.949	116.005	116.044
163	115.154	115.617	115.799	115.853	116.121
164	115.187	115.437	115.882	115.88	116.02
165	115.137	115.583	115.857	115.813	116.153
