VOLNUM	fmriSeriesEncode_1Run1_2.bxh	fmriSeriesEncode_1Run2_4.bxh	fmriSeriesEncode_1Run3_6.bxh	fmriSeriesEncode_1Run4_8.bxh	fmriSeriesEncode_1Run5_10.bxh
0	201.263	201.738	202.272	200.86	203.194
1	200.018	200.915	201.473	200.357	201.932
2	199.631	200.592	201.213	200.229	201.42
3	199.385	200.322	201.096	200.056	201.034
4	199.461	200.149	200.764	200.225	200.851
5	199.305	199.882	200.687	200.093	200.562
6	199.564	199.739	200.547	199.835	200.719
7	199.473	199.625	200.126	199.618	200.753
8	199.589	199.75	200.311	199.536	200.973
9	199.63	199.812	200.043	199.807	200.557
10	199.727	199.779	200.108	199.644	201.129
11	199.551	199.108	200.045	199.848	201.801
12	198.875	199.476	198.712	199.033	199.899
13	199.579	198.798	199.291	199.667	200.187
14	199.719	199.272	199.496	199.617	200.242
15	199.626	199.424	199.405	199.814	200.14
16	199.831	199.35	199.649	199.845	200.28
17	198.903	199.656	199.735	199.95	199.756
18	198.492	198.298	198.935	199.44	199.751
19	198.68	199.175	199.544	200.059	200.305
20	198.487	199.32	199.626	199.902	200.377
21	198.703	199.161	199.563	199.418	200.634
22	198.584	199.087	199.354	199.459	200.705
23	198.088	198.016	199.2	198.365	199.344
24	198.283	198.349	198.895	199.289	199.836
25	198.193	198.589	199.52	199.345	199.887
26	198.189	198.481	199.491	200.077	199.825
27	198.111	198.531	199.545	200.088	199.859
28	198.079	198.663	199.295	200.567	200.201
29	198.151	198.528	199.035	199.876	199.907
30	198.253	198.648	198.83	199.979	199.728
31	198.179	198.481	198.779	199.303	199.883
32	198.248	198.551	198.661	199.299	199.494
33	198.31	198.466	198.881	198.689	199.682
34	198.472	198.523	198.885	199.071	199.64
35	198.385	198.506	199.156	199.004	199.522
36	198.025	198.447	199.035	199.186	199.499
37	197.987	198.621	199.107	199.722	199.693
38	197.861	197.291	198.283	199.032	198.724
39	198.835	198.179	198.786	199.584	199.367
40	199.529	198.557	199.051	199.383	199.352
41	199.539	198.768	199.108	199.739	199.391
42	199.24	199.157	199.015	199.63	199.419
43	198.689	198.513	199.217	199.607	199.311
44	198.527	198.205	198.841	199.236	199.026
45	199.229	198.638	198.743	199.441	199.567
46	199.481	198.563	200.108	199.473	199.546
47	199.24	198.625	198.806	199.386	199.069
48	199.221	198.542	198.824	199.407	198.755
49	198.174	197.904	198.005	198.471	198.319
50	198.198	197.659	198.496	198.641	199.506
51	198.488	198.192	198.307	198.382	199.948
52	198.481	198.465	198.423	198.46	200.344
53	198.587	198.43	198.208	198.208	200.255
54	198.536	198.341	198.35	198.994	199.943
55	198.273	198.368	198.233	199.155	199.528
56	198.154	198.306	198.307	199.194	199.326
57	198.122	198.226	198.729	199.071	199.298
58	198.026	197.908	198.674	198.988	199.057
59	198.258	198.146	199.39	198.865	199.196
60	198.115	197.977	199.31	198.349	199.363
61	198.31	198.031	198.98	198.53	198.981
62	198.175	198.144	199.208	198.666	198.979
63	198.29	198.286	198.93	199.027	199.125
64	197.587	197.569	198.734	198.677	199.3
65	198.275	197.935	198.95	199.091	199.204
66	198.455	198.432	199.024	199.342	199.095
67	198.625	198.452	198.944	199.432	198.987
68	198.976	198.935	198.713	199.489	198.991
69	198.4	198.531	198.713	199.216	199.092
70	198.216	197.991	198.531	198.847	198.415
71	198.589	199.139	199.027	199.425	198.991
72	198.365	199.335	198.82	199.311	199.208
73	198.254	199.516	199.09	199.304	199.176
74	198.365	199.9	199.418	199.517	199.291
75	197.004	197.923	198.799	199.254	199.729
76	198.099	198.741	198.817	199.682	199.319
77	197.924	198.529	198.952	199.452	199.626
78	198.057	198.898	198.866	199.201	199.174
79	198.187	198.54	199.009	199.268	199.537
80	198.481	198.545	198.807	198.951	199.252
81	198.321	198.231	198.903	198.984	198.892
82	198.269	198.354	199.001	198.108	198.843
83	198.305	198.326	198.649	198.471	198.703
84	197.981	198.567	199.137	198.319	199.136
85	197.917	198.776	198.702	198.524	198.55
86	197.749	198.794	198.489	198.898	199.141
87	197.81	198.825	198.417	199.082	198.777
88	197.683	198.62	198.316	198.854	199.203
89	197.704	198.533	198.772	198.763	199.869
90	196.946	197.794	198.001	198.635	196.284
91	197.798	198.141	198.64	198.896	197.249
92	198.027	198.449	198.6	199.179	198.751
93	198.112	198.734	198.88	199.295	198.62
94	198.389	198.858	198.84	199.543	199.674
95	197.885	198.173	198.806	199.258	198.857
96	197.617	198.467	198.96	199.01	199.488
97	198.073	198.098	199.035	199.648	199.995
98	198.075	198.646	198.964	199.933	200.146
99	197.82	198.755	199.024	199.745	200.267
100	197.876	198.932	199.105	199.973	199.618
101	197.369	197.911	198.802	199.148	199.437
102	197.978	198.297	199.157	199.164	198.947
103	198.581	198.5	198.867	199.123	199.208
104	198.151	198.473	198.802	198.928	199.043
105	197.937	198.788	198.965	198.547	199.278
106	197.852	198.999	199.078	198.78	199.081
107	198.06	199.406	198.887	198.634	199.406
108	197.821	199.048	198.875	199.034	199.239
109	197.709	199.15	198.562	199.014	199.459
110	197.441	199.008	198.468	199.076	199.314
111	197.472	199.455	198.479	198.845	199.273
112	197.271	199.145	198.45	198.628	198.878
113	197.606	199.219	198.362	198.8	198.788
114	197.863	199.163	198.057	199.862	198.684
115	198.045	199.337	198.48	200.486	199.133
116	198.683	197.922	198.601	198.794	198.651
117	197.577	198.638	198.434	199.156	198.831
118	199.773	198.709	198.84	199.241	199.371
119	199.39	198.899	199.019	199.782	199.504
120	199.48	198.796	198.906	199.976	199.891
121	199.295	198.803	199.319	199.153	199.671
122	198.112	198.344	199.506	198.781	199.672
123	198.567	198.243	200.197	199.16	199.738
124	198.112	200.147	199.812	199.179	199.412
125	198.208	199.403	199.188	198.876	199.101
126	197.978	199.334	199.514	198.889	199.694
127	197.079	198.207	198.583	198.329	198.132
128	197.51	198.525	199.437	198.555	198.898
129	197.743	198.795	199.426	198.313	198.548
130	197.782	198.816	199.142	199.29	198.579
131	197.73	198.797	199.471	199.156	198.815
132	198.142	198.801	198.92	200.128	199.181
133	198.092	198.833	198.943	199.963	199.906
134	198.098	198.798	199.082	199.993	199.152
135	198.041	198.752	199.298	199.998	198.978
136	197.737	198.818	199.2	199.446	199.059
137	197.554	198.698	198.987	199.406	198.929
138	198.022	198.839	198.657	198.83	199.308
139	198.106	198.851	198.578	198.482	199.164
140	198.11	198.535	198.468	198.357	198.764
141	197.928	199.041	199.142	199.321	198.786
142	197.624	198.055	198.022	198.265	198.2
143	198.059	198.717	198.757	199.186	198.272
144	198.118	199.116	198.886	199.242	198.364
145	198.145	199.503	199.104	199.446	198.906
146	198.306	199.76	199.199	199.83	199.414
147	197.955	199.398	199.516	199.89	199.331
148	197.865	198.339	198.553	199.486	200.064
149	198.116	198.993	199.653	199.514	200.147
150	198.104	198.784	199.451	199.609	200.663
151	198.066	198.599	199.335	199.669	200.417
152	198.214	198.92	199.12	199.733	200.818
153	197.548	197.966	198.841	199.269	199.565
154	198.014	198.363	199.017	199.657	200.064
155	197.913	198.617	199.522	199.668	199.333
156	198.017	198.81	199.393	199.55	199.362
157	197.698	198.873	199.039	199.406	199.117
158	197.961	198.941	198.949	199.225	198.977
159	197.713	198.845	198.693	199.127	199.352
160	197.928	198.57	198.738	198.86	199.33
161	197.622	199.178	198.827	198.942	200.215
162	197.874	198.821	198.832	198.836	199.492
163	197.388	198.975	198.947	199.157	199.273
164	197.602	199.124	198.776	199.215	199.52
165	197.278	199.047	198.838	198.951	199.258
