# Overall Threshold 1: [ -2.09656379231325 2.0965654606988 ]
# Overall Threshold 2: [ -4.19312841881928 4.19313008720482 ]
VOLNUM	fmriSeriesEncode_2Run1_2.bxh	fmriSeriesEncode_2Run2_4.bxh	fmriSeriesEncode_2Run3_6.bxh	fmriSeriesEncode_2Run4_8.bxh	fmriSeriesEncode_2Run5_10.bxh
0	1.69302	2.22323	2.86723	3.38533	2.57217
1	1.507	1.81327	1.74947	2.81852	2.18467
2	0.857069	1.21368	1.49262	2.34	1.64863
3	0.712148	1.07878	1.10019	1.99093	1.61469
4	0.496519	0.722832	0.717686	1.46296	1.27096
5	0.579095	0.591541	0.891854	1.55964	1.23607
6	0.285088	0.677976	0.759123	1.6933	1.21699
7	0.101652	0.415917	0.722183	1.38563	0.899103
8	-0.0261627	0.64085	0.426849	1.20038	1.01937
9	0.141546	0.342727	0.572167	0.967542	0.964829
10	0.235489	0.55896	0.35023	1.22408	1.34321
11	-0.209989	0.546691	1.04277	1.74396	1.43712
12	0.264068	-0.558643	-0.745462	0.978674	0.684488
13	0.383453	0.47808	0.168289	0.581765	0.479618
14	0.923712	1.55625	0.450271	1.14844	0.677789
15	0.969786	1.58736	0.686026	1.77919	0.444847
16	1.24281	1.74978	0.681004	1.03154	0.754972
17	1.35597	2.21045	1.15997	1.35028	0.998519
18	0.773312	0.80918	0.0376067	0.722823	0.27023
19	1.00323	0.606318	0.858834	1.68538	1.08983
20	1.19913	0.486383	0.851128	1.61875	1.08912
21	0.966421	0.174805	0.683986	1.13756	1.19846
22	0.930783	0.0662243	1.05744	0.974365	1.19037
23	-0.19805	-0.87084	-0.420063	0.132389	0.682304
24	-0.0131678	-0.736245	0.350622	-0.614754	0.608856
25	0.0309243	-0.312152	0.359408	-0.0202591	0.617292
26	-0.177297	-0.356657	0.347823	0.0214453	0.431052
27	-0.197895	-0.499444	0.226707	0.251105	0.519467
28	-0.464601	-0.501177	0.500042	0.194732	0.61503
29	-0.479403	-0.479762	0.355141	0.164407	0.320043
30	-0.416963	-0.676631	0.275977	0.0926606	0.233324
31	-0.369062	-0.751166	0.26452	0.144237	0.206987
32	-0.0361998	-0.615152	-0.00962824	0.181669	0.464944
33	0.0577789	-0.587924	-0.106153	0.099539	0.388026
34	0.132448	-0.185824	0.162527	0.236619	0.488639
35	0.319793	-0.181923	-0.142405	0.287942	0.440448
36	0.353471	-0.0979394	0.029468	0.570949	-0.119881
37	0.806379	0.165241	0.122049	0.9372	0.479537
38	-0.315504	-0.805156	-1.10506	0.404406	0.143518
39	0.334804	0.0953321	1.11281	-0.406936	0.3048
40	0.42257	0.394339	-1.34741	0.350673	1.98291
41	0.683901	-0.143976	1.99156	0.044024	0.707915
42	0.687138	0.188905	0.78704	0.165444	0.628527
43	0.462674	0.210782	0.690649	0.511242	0.359208
44	-0.682818	-0.842611	-0.765711	0.11397	-0.0655286
45	-0.25137	-0.0313547	0.397438	-0.22827	-0.17694
46	-0.00546784	-0.0834386	0.937069	0.0685341	-0.25774
47	0.145884	-0.164517	1.46149	0.181446	-0.605698
48	0.25608	0.0702226	1.80607	0.46302	-0.133787
49	-0.534556	-0.223069	0.405432	0.731252	-0.847047
50	-0.222452	-0.744446	0.487028	-0.15311	-0.446312
51	-0.284638	-0.441499	0.239572	0.36285	0.0953308
52	-0.11826	-0.37477	-0.0714285	0.326489	0.753883
53	-0.0995654	-0.252567	-0.152495	0.207393	0.87536
54	-0.347331	-0.202319	-0.428964	0.193637	1.57893
55	-0.38601	-0.0672067	-0.488826	-0.0520292	1.46179
56	-0.179895	-0.347435	-0.410574	-0.103208	2.02573
57	-0.260166	-0.679465	-0.115115	0.0423069	1.61468
58	-0.00177676	-0.20575	-0.392996	0.0487298	1.53399
59	-0.488591	-0.325482	-0.289236	0.16966	1.26706
60	-0.607746	-0.128299	-0.135517	-0.124536	0.748844
61	-0.426596	-0.121532	-0.638273	-0.129804	0.350932
62	-0.238381	-0.225615	-0.471422	-0.44411	-0.226731
63	-0.0562494	-0.0506945	-0.292981	-0.344517	0.232561
64	-0.884284	-0.412597	-0.0707721	-1.19278	-0.429545
65	-0.15074	-0.541051	-0.874219	-0.79873	0.0923425
66	-0.0932023	0.00253591	-0.534886	-0.195795	0.204332
67	0.428222	-0.0492081	-0.349361	0.0771165	0.250354
68	0.341322	0.452152	-0.106012	-0.192599	0.410221
69	0.456053	0.895404	-0.13489	-2.6442	0.905934
70	-0.20664	0.24585	-0.684206	0.415391	0.197791
71	0.363577	0.971917	0.106069	0.632729	0.365693
72	0.19958	1.35061	0.321618	0.528353	0.183758
73	-0.195668	1.24919	0.295126	1.049	0.252846
74	0.0100308	1.26676	0.528206	1.27584	0.0690198
75	-1.05606	0.921918	-0.653123	0.700286	-0.334341
76	-0.554308	1.90315	-0.437176	0.434949	-0.0606597
77	-0.471068	1.8204	-0.0306847	1.28807	0.0682706
78	-0.587363	1.62295	-0.284032	0.653967	0.081308
79	-0.713555	1.53759	-0.241934	0.40765	0.3445
80	-0.381617	1.59683	-0.36472	-0.199119	-0.0977081
81	-0.526908	2.11631	-0.189421	-0.649629	-0.417609
82	-0.250348	1.07915	-0.238127	-1.01806	-0.445559
83	-0.594284	-0.507056	0.0660526	-0.850589	-0.608518
84	-0.850745	-0.67285	-0.179135	-1.00894	-0.67813
85	-0.597455	-1.01704	0.38638	-0.738165	-0.909633
86	-0.699095	-1.03708	-0.0394369	-0.955007	-0.383128
87	-0.835279	-0.745162	0.0859352	-0.727506	-0.403649
88	-0.701103	-0.685092	-0.0628166	-0.587813	0.0306209
89	-0.596018	-0.252859	0.118236	-0.467944	0.270154
90	-1.27913	-0.991971	-0.680629	-0.460564	0.0644357
91	-0.539616	-0.346838	-0.682809	-0.130231	0.390207
92	-0.367485	-0.166894	0.290553	-0.230808	0.39465
93	0.0125313	-0.0612429	0.183728	-0.62573	-0.0266708
94	-0.169774	0.0758681	0.565519	0.561542	-0.192434
95	0.298369	-0.334934	1.15334	-1.63252	-0.22084
96	-0.65639	-0.829797	-0.500888	-0.247353	-0.436371
97	0.012619	-0.214129	0.782278	0.457947	-0.0828237
98	0.15065	0.00264088	0.57867	0.301527	-0.26201
99	-0.0571363	-0.268879	0.79565	0.386554	-0.395365
100	0.243755	-0.308749	0.116717	0.144462	-0.209357
101	0.324655	-1.25452	0.399848	-0.807085	-1.04146
102	-0.558718	-1.49004	-0.881676	-0.393934	-1.05847
103	-0.232859	-0.840023	-0.707077	-0.115901	-0.287259
104	-0.216407	-0.814117	-0.974641	-0.151421	-0.313879
105	0.0761195	-0.795714	-0.539426	-0.0483645	-0.277576
106	-0.143705	-0.79171	-0.252571	-0.311244	-0.168842
107	-0.236877	-0.845316	-0.509753	-0.604965	-0.543355
108	-0.206736	-0.931224	-0.70288	-0.541282	-0.672873
109	-0.391757	-0.959787	-0.719514	-0.665076	-1.14824
110	-0.0646033	-0.598263	-0.814744	-0.614732	-1.20652
111	-0.262956	-0.621966	-1.0898	-0.261653	-1.17163
112	-0.148563	-0.47603	-1.14358	-0.445706	-1.13412
113	-0.497145	-0.0078434	-0.294724	-0.3507	-1.04308
114	-0.416084	-0.0996157	0.181889	-0.498257	-0.714789
115	-0.41476	-0.0215012	0.622091	0.118353	-0.884805
116	-1.00554	-0.978485	0.453774	-0.308934	-0.447409
117	-0.120481	-0.271122	0.0364256	-0.473142	-1.49573
118	0.0944568	-0.23578	0.80309	-0.148936	-0.641995
119	1.17747	-0.0639045	0.945015	-0.212361	-0.849854
120	0.787724	0.152807	0.738392	-0.0357717	-0.643651
121	0.553734	0.463286	0.449666	0.260467	-0.458889
122	-1.10277	-1.19821	-0.875727	0.0164277	-1.18832
123	-0.239443	-0.338216	-0.568969	-0.372102	-0.547667
124	-0.14477	-0.0296278	-0.386287	0.128825	-0.557904
125	-0.403156	-0.428009	-0.485377	0.303495	-0.766177
126	-0.518151	-0.0850787	-0.0451928	0.451079	-0.676278
127	-1.33392	-1.2321	-0.933509	-0.743358	-1.59715
128	-1.18919	-0.500039	-0.772602	-0.292195	-1.11999
129	-0.989993	-0.416262	-0.523663	0.120477	-1.07332
130	-0.792819	-0.6127	-0.434893	-0.15191	-0.888839
131	-0.567346	-0.887078	-0.250779	0.0408142	-1.08093
132	-0.197615	-0.818866	-0.405226	-0.232663	-0.896301
133	0.448383	-0.880013	-0.436777	-0.60533	-0.690326
134	0.643163	-0.74035	-0.271452	-0.65379	-0.464674
135	0.880799	-0.669075	-0.377779	-0.836059	0.00608856
136	0.681782	-0.841416	-0.019203	-0.885856	0.537426
137	0.370778	-0.510072	-0.28604	-0.592008	0.482797
138	-0.104145	-0.519751	0.124681	-0.415067	0.0455662
139	-0.289458	-0.488753	-0.155124	-0.242857	0.0146958
140	-0.538941	-0.643503	-0.222127	-0.244734	-0.23607
141	-0.694634	-0.353436	-0.205421	-0.379748	-0.800627
142	-0.739295	-1.35006	-1.68838	-2.0977	-0.436971
143	-0.836439	-1.29131	-0.330436	-0.384879	-1.41721
144	-0.325818	0.824144	-0.192571	-0.405785	-1.17825
145	-0.159582	-0.341823	-0.00902833	-0.375956	-1.05406
146	0.264951	-0.0527783	-0.245182	-0.60956	-0.644528
147	0.851855	-0.235829	0.0540623	-0.632659	-0.625756
148	-0.48406	0.0287433	-1.45844	-1.34125	-0.108599
149	-0.308252	0.160479	-0.418737	-0.736483	-1.08508
150	0.374086	1.16775	-0.164917	-1.23664	-0.611762
151	0.35484	1.13774	0.531341	-0.750623	-0.599597
152	-0.31068	1.34623	0.255019	-0.354518	-0.291157
153	0.0656203	0.073981	-0.0449205	-1.82745	-0.594617
154	-0.655424	0.436168	-1.2758	-0.632142	-0.755753
155	0.701861	0.147106	-1.10685	-1.09828	-0.458688
156	1.0768	-0.138821	-0.86095	-0.774309	-0.956347
157	1.4028	0.0702158	-0.538606	-0.767914	-1.17885
158	1.33782	0.215951	-0.573364	-0.71705	-0.914426
159	1.35831	0.654534	-0.674094	-0.457174	-0.393954
160	0.994627	0.497531	-0.560612	-0.871509	-0.679333
161	0.847806	0.881222	-0.490073	-0.629633	-0.397479
162	0.408456	0.338035	-0.301504	-0.861921	-0.507677
163	0.311247	0.501524	-0.540772	-1.03515	-0.601136
164	-0.0697957	0.431527	-0.457777	-1.26308	-0.674003
165	-0.197654	0.699978	-0.517994	-1.56178	-0.682429
