VOLNUM	fmriSeriesEncode#2Run1_2.bxh	fmriSeriesEncode#2Run2_4.bxh	fmriSeriesEncode#2Run3_6.bxh	fmriSeriesEncode#2Run4_8.bxh	fmriSeriesEncode#2Run5_10.bxh
0	211.038	211.853	212.971	213.125	212.034
1	210.851	211.444	211.853	212.56	211.646
2	210.203	210.843	211.598	212.079	211.109
3	210.061	210.711	211.205	211.73	211.075
4	209.845	210.353	210.82	211.205	210.731
5	209.925	210.224	210.996	211.3	210.696
6	209.63	210.309	210.864	211.432	210.678
7	209.448	210.047	210.826	211.128	210.358
8	209.317	210.273	210.531	210.939	210.479
9	209.486	209.974	210.677	210.705	210.425
10	209.581	210.19	210.454	210.966	210.802
11	209.138	210.177	211.148	211.481	210.898
12	209.613	209.074	209.359	210.722	210.144
13	209.729	210.11	210.272	210.323	209.94
14	210.271	211.187	210.555	210.885	210.141
15	210.317	211.217	210.789	211.52	209.907
16	210.59	211.379	210.785	210.774	210.218
17	210.703	211.841	211.261	211.089	210.458
18	210.121	210.44	210.141	210.463	209.733
19	210.349	210.236	210.963	211.427	210.55
20	210.546	210.119	210.956	211.358	210.551
21	210.311	209.805	210.788	210.877	210.66
22	210.274	209.697	211.165	210.716	210.651
23	209.149	208.759	209.682	209.873	210.143
24	209.334	208.893	210.455	209.126	210.07
25	209.379	209.318	210.465	209.719	210.078
26	209.169	209.274	210.452	209.764	209.89
27	209.147	209.13	210.331	209.991	209.98
28	208.882	209.129	210.602	209.936	210.076
29	208.866	209.151	210.46	209.904	209.781
30	208.929	208.955	210.38	209.832	209.695
31	208.977	208.879	210.369	209.885	209.67
32	209.311	209.017	210.096	209.921	209.926
33	209.404	209.043	209.995	209.842	209.849
34	209.479	209.445	210.268	209.979	209.949
35	209.668	209.448	209.96	210.029	209.9
36	209.7	209.533	210.133	210.31	209.342
37	210.151	209.799	210.226	210.677	209.94
38	209.03	208.826	208.999	210.144	209.605
39	209.681	209.726	211.218	209.333	209.764
40	209.77	210.027	208.756	210.09	211.442
41	210.031	209.487	212.097	209.782	210.168
42	210.031	209.82	210.891	209.906	210.091
43	209.81	209.843	210.793	210.25	209.82
44	208.662	208.789	209.34	209.855	209.394
45	209.096	209.601	210.502	209.51	209.283
46	209.34	209.547	211.042	209.808	209.202
47	209.491	209.466	211.567	209.922	208.854
48	209.599	209.705	211.91	210.206	209.326
49	208.811	209.408	210.512	210.474	208.612
50	209.122	208.887	210.59	209.589	209.015
51	209.064	209.189	210.342	210.101	209.554
52	209.229	209.256	210.034	210.065	210.214
53	209.244	209.381	209.951	209.948	210.335
54	208.999	209.43	209.675	209.934	211.042
55	208.961	209.564	209.617	209.689	210.924
56	209.167	209.285	209.692	209.637	211.485
57	209.087	208.951	209.989	209.781	211.076
58	209.343	209.426	209.71	209.788	210.995
59	208.856	209.308	209.818	209.911	210.727
60	208.737	209.501	209.969	209.614	210.209
61	208.919	209.509	209.466	209.613	209.81
62	209.106	209.405	209.633	209.298	209.234
63	209.291	209.58	209.809	209.396	209.693
64	208.462	209.217	210.033	208.547	209.03
65	209.195	209.09	209.228	208.94	209.553
66	209.252	209.633	209.57	209.544	209.664
67	209.775	209.581	209.754	209.817	209.712
68	209.686	210.085	209.998	209.548	209.871
69	209.802	210.525	209.97	207.095	210.368
70	209.138	209.876	209.417	210.153	209.66
71	209.709	210.603	210.211	210.372	209.829
72	209.544	210.983	210.426	210.269	209.645
73	209.149	210.882	210.401	210.787	209.713
74	209.355	210.898	210.633	211.016	209.528
75	208.289	210.556	209.453	210.441	209.125
76	208.792	211.536	209.668	210.175	209.399
77	208.872	211.449	210.073	211.029	209.527
78	208.76	211.254	209.821	210.394	209.544
79	208.632	211.168	209.863	210.15	209.807
80	208.966	211.229	209.741	209.54	209.364
81	208.818	211.746	209.915	209.089	209.045
82	209.094	210.712	209.865	208.721	209.015
83	208.753	209.124	210.171	208.889	208.852
84	208.494	208.956	209.925	208.729	208.783
85	208.749	208.613	210.492	209.002	208.55
86	208.647	208.597	210.064	208.784	209.078
87	208.512	208.883	210.19	209.014	209.057
88	208.646	208.947	210.041	209.154	209.493
89	208.753	209.378	210.223	209.274	209.732
90	208.066	208.638	209.422	209.278	209.526
91	208.808	209.28	209.425	209.611	209.852
92	208.979	209.465	210.394	209.51	209.856
93	209.359	209.571	210.288	209.116	209.431
94	209.175	209.706	210.671	210.302	209.269
95	209.643	209.298	211.259	208.108	209.241
96	208.688	208.802	209.601	209.493	209.025
97	209.358	209.417	210.89	210.198	209.377
98	209.495	209.634	210.683	210.043	209.199
99	209.29	209.363	210.901	210.126	209.066
100	209.588	209.321	210.223	209.884	209.249
101	209.67	208.378	210.502	208.932	208.419
102	208.79	208.142	209.224	209.344	208.401
103	209.112	208.792	209.4	209.626	209.174
104	209.129	208.818	209.131	209.589	209.145
105	209.419	208.835	209.565	209.692	209.182
106	209.201	208.838	209.855	209.43	209.292
107	209.109	208.789	209.593	209.135	208.919
108	209.138	208.699	209.401	209.2	208.788
109	208.956	208.672	209.387	209.077	208.315
110	209.281	209.032	209.289	209.126	208.255
111	209.082	209.009	209.016	209.478	208.291
112	209.195	209.153	208.962	209.292	208.327
113	208.849	209.62	209.809	209.391	208.417
114	208.931	209.532	210.286	209.244	208.744
115	208.93	209.611	210.724	209.858	208.573
116	208.34	208.654	210.559	209.431	209.013
117	209.226	209.36	210.141	209.267	207.965
118	209.442	209.397	210.906	209.594	208.819
119	210.525	209.569	211.048	209.527	208.609
120	210.134	209.783	210.843	209.705	208.817
121	209.901	210.094	210.552	210.001	209.002
122	208.245	208.433	209.227	209.758	208.273
123	209.107	209.292	209.534	209.369	208.912
124	209.201	209.602	209.72	209.869	208.902
125	208.944	209.202	209.618	210.044	208.694
126	208.829	209.545	210.058	210.19	208.784
127	208.013	208.399	209.173	208.997	207.865
128	208.158	209.13	209.331	209.448	208.339
129	208.354	209.213	209.581	209.858	208.39
130	208.553	209.016	209.669	209.589	208.572
131	208.78	208.746	209.854	209.781	208.381
132	209.15	208.814	209.697	209.509	208.567
133	209.795	208.751	209.666	209.134	208.769
134	209.988	208.893	209.833	209.084	208.996
135	210.227	208.964	209.727	208.905	209.466
136	210.028	208.79	210.085	208.853	209.997
137	209.718	209.12	209.818	209.147	209.942
138	209.242	209.111	210.23	209.326	209.506
139	209.057	209.14	209.95	209.496	209.473
140	208.806	208.987	209.886	209.495	209.225
141	208.651	209.277	209.897	209.359	208.658
142	208.607	208.282	208.417	207.64	209.024
143	208.509	208.342	209.778	209.358	208.042
144	209.019	210.455	209.913	209.334	208.281
145	209.185	209.288	210.095	209.365	208.408
146	209.612	209.578	209.86	209.131	208.82
147	210.198	209.396	210.16	209.109	208.834
148	208.861	209.66	208.646	208.399	209.352
149	209.04	209.792	209.684	209.006	208.373
150	209.719	210.798	209.938	208.504	208.848
151	209.701	210.769	210.636	208.987	208.861
152	209.035	210.977	210.359	209.386	209.168
153	209.41	209.705	210.062	207.913	208.867
154	208.69	210.07	208.826	209.107	208.703
155	210.05	209.778	208.995	208.642	209.002
156	210.425	209.493	209.242	208.967	208.505
157	210.749	209.702	209.567	208.972	208.281
158	210.685	209.847	209.534	209.022	208.549
159	210.704	210.286	209.429	209.282	209.065
160	210.343	210.13	209.543	208.869	208.782
161	210.195	210.513	209.613	209.112	209.065
162	209.754	209.97	209.802	208.879	208.952
163	209.657	210.133	209.564	208.705	208.858
164	209.277	210.063	209.646	208.478	208.786
165	209.149	210.329	209.584	208.179	208.779
