VOLNUM	fmriSeriesEncode_2Run1_2.bxh	fmriSeriesEncode_2Run2_4.bxh	fmriSeriesEncode_2Run3_6.bxh	fmriSeriesEncode_2Run4_8.bxh	fmriSeriesEncode_2Run5_10.bxh
0	814.889	811.412	815.123	812.169	809.348
1	814.513	809.242	812.848	810.817	807.549
2	812.632	808.424	811.877	810.687	806.85
3	812.64	808.355	811.894	809.574	806.933
4	812.679	808.016	811.172	808.923	806.859
5	812.896	808.609	812.695	809.756	807.721
6	813.63	809.247	812.932	810.82	808.464
7	812.212	809.432	813.372	811.07	807.989
8	812.627	809.622	813.447	810.157	808.266
9	812.875	809.845	813.904	810.575	809.034
10	814.229	810.404	814.379	811.24	810.198
11	811.964	810.646	815.771	813.458	810.811
12	814.924	806.497	811.173	810.986	807.49
13	814.679	812.055	813.918	810.434	809.189
14	817.185	815.13	816.249	813.287	809.166
15	817.447	816.893	816.309	816.079	809.281
16	818.484	816.643	817.066	812.829	809.37
17	818.216	818.153	817.767	814.006	809.177
18	817.205	813.144	814.525	812.054	807.191
19	817.925	813.557	817.161	816.132	810.858
20	818.305	812.557	817.412	816.016	810.873
21	817.525	812.544	816.906	814.488	811.262
22	816.372	811.372	817.23	812.539	809.721
23	813.044	808.592	811.706	810.386	808.723
24	813.715	809.346	814.673	808.234	809.419
25	814.278	811.105	815.307	810.422	808.991
26	813.138	811.389	815.027	811.305	808.848
27	813.819	810.24	815.383	811.555	809.037
28	812.009	810.898	815.253	811.946	809.151
29	812.745	810.105	815.751	811.777	808.544
30	812.262	810.131	814.699	811.468	807.699
31	813.433	809.635	815.444	811.354	808.78
32	813.803	810.272	813.464	811.712	808.594
33	815.003	810.197	814.064	811.365	809.119
34	814.939	811.346	814.205	811.938	809.415
35	816.032	812.269	814.106	812.372	809.271
36	815.636	811.554	814.168	813.605	807.842
37	816.587	812.913	814.889	814.682	809.647
38	813.056	809.158	810.474	811.667	808.59
39	815.988	813.393	815.048	809.634	808.584
40	816.345	813.323	804.528	812.45	814.917
41	817.352	812.597	820.323	811.925	810.557
42	818.074	812.832	817.466	811.486	810.31
43	816.068	812.572	815.472	812.657	809.929
44	813.033	809.437	810.823	811.123	807.62
45	814.073	812.237	815.466	811.511	808.184
46	816.026	812.407	817.968	811.581	807.594
47	815.522	811.864	820.016	812.745	806.35
48	815.67	812.807	820.153	813.093	807.099
49	812.643	811.344	816.021	813.819	804.448
50	815.401	810.069	815.862	810.533	805.661
51	814.494	811.152	815.695	812.783	807.992
52	815.49	812.216	814.489	813.415	809.332
53	815.737	812.12	814.319	812.61	811.249
54	814.438	812.808	814.071	813.936	812.38
55	814.772	812.541	813.137	812.057	812.905
56	814.553	812.297	813.892	812.755	813.948
57	815.164	810.413	814.084	812.089	813.045
58	815.17	811.91	813.841	813.18	811.68
59	814.057	811.153	814.291	812.846	811.517
60	813.111	811.677	814.855	812.842	808.773
61	813.803	811.813	812.941	811.863	807.577
62	814.638	810.757	813.614	811.603	805.626
63	814.968	811.138	815.533	810.521	805.34
64	812.653	808.81	815.087	809.342	804.859
65	814.556	809.437	813.421	810.293	806.942
66	815.552	810.045	813.678	812.354	808.252
67	816.549	810.161	815.579	813.462	808.322
68	817.269	810.784	815.504	807.178	809.684
69	816.168	811.638	815.759	799.476	810.737
70	815.45	809.293	812.925	814.354	809.532
71	816.677	812.005	817.013	814.266	809.996
72	817.077	813.558	816.929	814.605	809.378
73	815.305	812.503	817.303	815.236	809.711
74	815.56	811.977	817.341	816.357	809.949
75	812.205	810.612	814.134	814.174	808.287
76	814.244	815.769	814.488	814.738	810.209
77	815.406	814.916	816.096	816.825	810.452
78	814.164	814.623	814.933	815.596	811.129
79	814.763	814.247	814.41	814.126	811.175
80	815.313	814.714	814.232	812.668	809.698
81	815.685	817.032	813.72	810.076	808.778
82	815.285	812.772	814.456	809.674	807.791
83	815.347	808.065	814.268	809.614	807.959
84	813.819	806.715	814.03	809.796	807.136
85	814.887	806.484	815.112	810.36	807.097
86	814.202	806.58	814.702	810.377	807.326
87	813.713	808.117	814.263	810.223	808.081
88	814.469	808.939	814.058	810.808	808.744
89	814.474	810.4	815.009	810.67	810.035
90	812.483	808.599	811.231	811.382	809.505
91	814.711	811.524	812.773	813.162	810.808
92	816.04	813.651	815.044	811.677	811.425
93	815.764	813.527	815.833	811.594	809.352
94	816.136	814.848	816.865	815.103	809.249
95	816.152	812.696	818.758	806.745	808.112
96	814.128	811.727	812.958	813.108	808.969
97	815.277	813.79	817.679	815.738	809.783
98	817.015	815.32	817.89	815.138	810.129
99	815.082	813.865	818.594	815.022	808.938
100	816.32	813.951	815.593	813.624	809.911
101	815.81	809.046	815.903	809.354	806.597
102	813.779	809.503	812.33	812.598	807.326
103	815.491	811.258	813.657	812.696	809.906
104	814.615	811.573	813.12	813.332	810.506
105	816.197	811.399	814.56	812.856	810.075
106	814.769	811.047	815.205	812.065	811.321
107	814.665	810.929	814.234	811.042	809.191
108	813.877	810.275	813.191	810.618	809.403
109	814.031	810.06	813.052	811.434	807.212
110	814.659	810.414	812.734	811.125	807.453
111	815.027	810.708	811.534	812.415	807.858
112	814.259	811.111	811.916	812.186	808.209
113	814.254	812.583	814.045	811.934	808.795
114	813.66	812.255	816.972	812.053	810.261
115	814.483	812.113	817.5	811.773	809.044
116	812.189	809.209	817.025	811.178	810.522
117	816.334	811.781	815.338	811.388	806.448
118	816.834	812.612	818.662	811.67	810.788
119	819.924	812.509	818.405	812.005	809.8
120	819.082	813.945	818.561	812.395	810.809
121	817.225	814.041	816.627	812.747	810.321
122	811.073	808.496	811.866	811.523	808.471
123	815.055	811.696	813.477	811.394	810.37
124	815.448	813.098	814.55	813.254	810.56
125	814.107	811.383	813.541	813.525	809.25
126	813.437	812.673	815.199	813.967	809.338
127	810.165	808.694	812.271	808.842	805.962
128	811.589	812.046	813.703	812.489	807.069
129	812.419	812.12	813.779	812.575	807.741
130	812.463	811.626	814.261	812.902	807.723
131	814.525	811.21	814.715	813.684	807.673
132	815.327	811.14	814.112	813.408	807.209
133	818.077	811.18	814.963	811.587	808.678
134	818.69	811.342	814.586	811.872	809.119
135	819.484	812.285	815.668	810.397	811.153
136	818.729	811.118	815.91	811.183	812.973
137	817.408	812.26	815.84	811.38	813.324
138	816.278	812.13	816.619	812.846	810.979
139	815.085	811.953	816.612	813.347	811.809
140	814.443	812.026	815.674	813.388	809.848
141	813.694	811.757	815.132	812.934	808.069
142	813.659	809.214	809.233	806.584	808.884
143	812.845	804.769	814.782	813.657	805.442
144	814.766	814.628	815.592	814.544	806.44
145	815.319	811.401	815.78	813.779	806.934
146	817.282	811.859	816.405	813.281	808.193
147	817.738	808.906	816.071	811.178	809.053
148	814.328	811.723	810.999	809.964	810.477
149	809.908	811.209	814.623	812.035	807.992
150	813.898	815.108	816.572	810.582	809.42
151	814.865	815.536	818.131	812.283	809.464
152	811.515	815.397	817.621	813.162	810.272
153	811.474	811.194	815.432	807.911	809.479
154	809.264	811.678	812.14	812.383	809.089
155	814.679	811.139	812.723	811.16	810.254
156	816.109	809.898	813.339	811.655	808.132
157	817.398	810.572	814.991	812.691	807.814
158	818	811.442	814.406	812.404	808.547
159	817.336	811.782	814.678	814.31	810.567
160	817.419	811.95	814.145	812.297	809.401
161	816.349	812.453	815.18	814.426	810.781
162	816.433	811.335	814.661	813.431	809.898
163	815.747	810.601	815.284	813.667	809.605
164	816.221	810.818	814.623	813.354	809.306
165	815.732	810.905	815	812.216	809.059
