# Overall Threshold 1: [ -2.25866985336144 2.25866995386747 ]
# Overall Threshold 2: [ -4.5173397569759 4.51733985748193 ]
VOLNUM	fmriSeriesEncode#2Run1_2.bxh	fmriSeriesEncode#2Run2_4.bxh	fmriSeriesEncode#2Run3_6.bxh	fmriSeriesEncode#2Run4_8.bxh	fmriSeriesEncode#2Run5_10.bxh
0	1.93125	2.78742	1.62846	2.92929	1.74892
1	1.38204	2.02292	1.44991	2.2477	1.21871
2	1.01323	1.79784	1.12027	2.16557	0.0607107
3	1.15859	1.68731	0.851444	1.99511	-0.598605
4	1.14213	1.26351	0.785661	2.05611	-0.876763
5	1.09332	1.31023	0.642468	1.64227	-0.426982
6	0.931752	1.02891	0.418718	1.76652	0.34888
7	0.559496	1.16825	0.715325	1.89133	0.491966
8	0.444629	0.837256	0.595933	1.77784	0.650569
9	0.138979	0.810281	0.905195	1.83095	0.0814034
10	-0.0877379	0.405744	0.588148	1.50587	-0.0965878
11	-0.30161	-0.0239286	0.529475	1.38727	0.02043
12	-0.23222	0.386177	0.32598	1.17658	0.260233
13	-0.0266134	-0.371931	0.421907	1.25541	0.259066
14	0.264718	-0.0128751	0.542851	1.51679	0.571684
15	0.0815025	0.517634	0.798814	1.45511	0.402221
16	0.111301	0.644016	0.811301	1.2587	0.0918082
17	-0.126747	0.506845	-0.216557	0.259946	-0.0266887
18	-0.257582	0.658705	-0.45933	0.429697	-0.224542
19	0.347015	0.188628	-0.608891	0.391241	-0.153287
20	0.552198	-0.338706	-0.717836	0.127808	0.310876
21	0.417256	0.0892476	-1.00704	-0.564834	0.347925
22	-0.22871	-0.0680891	-0.96614	-0.552628	0.327121
23	-0.448759	-0.0637102	-0.861028	-0.260119	0.114871
24	-0.576648	-0.56276	-0.810299	-0.176392	0.43819
25	-0.819535	-0.331426	-1.04204	-0.103956	0.383667
26	0.476625	-0.575226	-0.912558	-0.189339	0.244388
27	0.27299	0.29955	-0.700378	-0.382618	0.800161
28	0.394558	0.0663433	-0.802123	-0.45623	0.804363
29	-0.182436	-0.76587	-0.699127	-0.510078	0.424467
30	-0.440057	-0.962906	-0.841179	-0.435322	0.421598
31	-0.601765	-0.734011	-0.720586	-0.293772	0.416003
32	-0.887221	-0.611838	-0.151601	-0.398337	0.331626
33	-0.712919	-0.770204	0.179425	-0.332924	-0.1029
34	-0.859626	-0.322312	0.654068	-0.14881	-0.742099
35	-0.598903	-0.262662	0.25541	-0.259655	-0.724609
36	-0.559306	-0.730957	0.135869	0.0525299	-0.81306
37	-0.522916	-0.775577	-0.107992	-0.410383	-0.4974
38	-0.105514	-0.884809	0.378817	-0.023243	-0.892139
39	-0.272204	-0.575813	0.552609	0.442518	-0.219893
40	0.0579152	-0.126573	0.791467	0.689369	0.17568
41	-0.0258314	-0.633632	0.475986	0.392136	0.233652
42	-0.0164798	0.223013	0.957307	0.171545	0.311503
43	-0.184709	0.580754	0.688426	-0.0232795	-0.454704
44	-0.443571	-0.148643	0.104353	-0.0348132	-0.819416
45	-0.638175	-0.438464	-0.150983	0.491275	-0.514917
46	-0.0711365	-0.637507	0.00372939	0.418732	-0.129213
47	-0.215657	-0.818387	-0.46613	-0.0120708	-0.275566
48	-0.590874	-1.1166	-0.684452	0.00316897	-0.245796
49	-1.17022	-0.614825	-1.14455	-0.666242	-0.654466
50	-0.616828	-0.805122	-1.44393	-0.701448	-0.639044
51	-0.518365	-0.539768	-0.953203	-0.208618	-0.670762
52	-0.358304	-0.225373	-1.10475	-0.344423	-0.714614
53	-0.437139	-0.283257	-1.23954	-0.807834	-0.610365
54	-0.375992	-0.2415	-1.29419	-0.757629	-0.823945
55	-0.428184	-0.448776	-1.29295	-0.989273	-0.43472
56	-0.7228	-0.00448098	-1.01678	-0.965326	-1.07875
57	-0.63054	-0.216606	-0.334974	-0.799126	-0.101297
58	-0.731721	-0.337899	-0.210796	-0.725448	-0.0520931
59	-0.553701	-0.49133	-0.539783	-0.190634	0.397298
60	-0.563882	-0.513181	-0.888441	0.175186	0.33414
61	-0.460774	-0.335465	-1.16596	0.483009	0.418242
62	-0.619418	-0.348057	-0.771241	0.315016	0.0785436
63	-0.418334	-0.0342066	-0.435153	-0.126007	-0.023241
64	-0.42622	-0.0697368	-0.294469	-0.852292	-0.11833
65	-0.558698	0.489409	-0.108689	-0.577349	0.0433041
66	-0.180099	0.303367	0.0612416	-1.02287	0.375979
67	-0.14771	0.704995	-0.0170622	-1.17461	0.596755
68	-0.161722	0.825945	-0.509655	-0.927032	0.328543
69	-0.449605	1.6134	-0.47028	-1.12634	0.0455894
70	-0.181052	0.781362	-0.913581	-1.47654	0.0367639
71	-0.632516	0.192283	-0.222338	-1.31473	-0.279192
72	-0.187881	-0.52939	-0.0987901	-0.812004	0.205367
73	-0.287111	-1.04284	-0.252819	-0.618787	0.0517597
74	-0.272377	-1.13582	0.345588	-0.552439	-0.294807
75	-0.454695	-0.930656	0.24031	-0.192556	-0.42359
76	-0.904484	-0.560988	0.313721	0.0291367	-0.700935
77	-0.625889	-0.446447	0.500902	-0.121668	-0.761932
78	-0.0611503	-0.866808	0.216173	0.253768	-0.15291
79	-0.126455	-0.930888	0.263426	0.238373	-0.465587
80	-0.340382	-1.081	0.340236	0.74123	-0.479015
81	-0.640227	-0.713021	0.237125	0.980499	-0.912277
82	-0.912311	-0.669682	-0.0301025	1.21241	-0.778687
83	-0.613755	-0.725097	0.299237	1.28972	-0.962093
84	-0.569322	-0.717887	0.145197	1.05798	-0.70957
85	-0.311431	-0.763807	-0.0264695	0.641521	-0.654807
86	-0.312066	-0.305216	-0.049797	0.189211	-0.503438
87	-0.46804	-0.0111311	-0.228121	0.471709	-0.427769
88	-0.419659	0.336744	-0.297162	0.78858	0.208595
89	-0.576978	0.764598	-0.487024	0.998082	0.625694
90	0.134415	-0.221166	-0.212572	1.31946	-0.158778
91	-0.558447	0.347494	-0.174995	-0.168053	-0.123198
92	0.203752	0.669141	-0.00123512	1.57522	-0.189989
93	0.455082	0.970006	0.0760549	0.470271	-0.0453393
94	0.305088	1.0866	0.380562	0.877472	-0.343449
95	0.233725	0.892654	0.396848	0.488119	-0.242887
96	0.548712	1.30664	0.6271	0.249745	-0.48755
97	-0.315831	1.13063	0.664039	0.180116	-0.550435
98	1.13373	0.735624	0.655506	-0.229205	-0.945753
99	1.06022	0.188307	0.226677	-0.244919	-0.157912
100	1.62766	0.150165	0.0506848	-0.0546876	-0.317165
101	1.01008	-0.0125879	-0.157941	0.172213	-0.395254
102	-1.15089	0.140103	-0.071193	-0.824821	-0.811588
103	-1.6219	-0.407777	0.568522	-1.46126	-1.15678
104	-1.38341	-0.235437	0.737875	-1.37855	-0.939032
105	-1.1601	-0.290466	0.432219	-0.769156	-0.545058
106	-0.921407	-0.278071	0.0848805	-1.0175	-1.00738
107	-0.912288	-0.610033	-0.382018	-1.02651	-0.841743
108	-0.858425	-0.351728	-0.558335	-1.1373	-0.919183
109	-0.827554	-0.45807	-0.468807	-0.915541	-1.01635
110	-0.499799	-0.413938	-0.477314	-0.626263	-1.14365
111	-0.370958	-0.243101	-0.315198	-0.589335	-0.953693
112	-0.0665189	0.188302	-0.481585	-0.458871	-1.08993
113	-0.0979749	0.537013	0.00307795	-0.348872	-0.934797
114	0.102751	0.347011	0.143992	-0.449993	-0.876523
115	0.327804	0.256715	0.0580098	-0.168629	-0.718334
116	-0.730147	0.0888429	-0.0963063	-1.14776	-0.788107
117	-0.831789	-0.0965644	-0.219346	0.12132	-0.466186
118	0.290092	-0.691136	-0.237366	0.0935396	-1.02681
119	0.606853	0.762938	-0.163057	-0.386688	0.0201776
120	0.604635	0.746004	-0.105809	-0.898193	0.379686
121	0.605067	0.51987	0.384476	-0.653953	0.494829
122	0.039451	0.220758	0.0278916	-1.46439	-0.0626001
123	0.772913	-0.639416	0.618426	-0.669948	0.0994065
124	0.685096	-0.0513317	0.535346	-0.585452	0.349932
125	0.243068	0.254102	0.331492	-1.14425	0.44681
126	0.0929641	-0.109172	0.197383	-1.50605	0.645873
127	-0.146991	-0.15433	-0.490866	-1.80954	0.401377
128	0.369673	-0.197596	0.274147	-1.42063	0.499795
129	0.527844	-0.536292	0.192636	-0.881423	0.764361
130	0.316101	-0.395276	0.00449026	-0.9942	1.01534
131	0.367931	-0.31731	-0.319185	-0.386887	1.13166
132	0.189784	-0.20554	-0.448404	0.00116436	0.806104
133	0.249955	-0.382402	-0.203309	-0.0516954	0.644743
134	0.242366	-0.293424	-1.16348	-0.181873	0.647691
135	0.265085	-0.451649	-0.386191	-0.456362	0.353924
136	0.354043	-0.099213	-0.554117	-0.105785	-0.194445
137	0.399895	-0.296649	-0.660311	0.0976078	-0.546485
138	0.335789	-0.117552	-0.751264	0.403922	-0.768014
139	0.413013	-0.0612293	-0.491054	0.404267	-0.608173
140	0.65653	-0.202781	-0.272807	0.124648	-0.934001
141	0.849345	0.00621035	-0.107385	0.0693534	-0.956099
142	1.10124	0.212716	-0.679493	0.0701524	-0.75662
143	0.778934	0.236494	0.099282	0.043577	-0.606263
144	0.561952	0.0468369	0.400678	0.465989	-0.13332
145	1.40323	0.572486	0.541899	0.0629391	0.145969
146	1.50942	0.460697	0.513892	0.244856	0.0877745
147	1.2061	0.113979	0.36308	-0.235881	-0.136737
148	1.29364	-0.320284	0.403677	-0.359536	-0.0328893
149	1.00977	-0.0324865	0.594824	-0.285598	0.409605
150	0.0443611	0.504633	0.459659	-0.165621	0.396844
151	0.729125	0.432137	0.455757	0.00220783	-0.127682
152	0.946271	-0.0298927	0.140988	0.67208	-0.142146
153	0.637287	-0.345782	0.329079	0.508598	-0.324793
154	0.609096	-0.22835	0.220957	0.320611	-0.170297
155	-0.160039	0.22969	0.525623	-0.226389	0.86843
156	-0.344461	0.724747	0.724378	-0.344673	1.6685
157	0.600865	0.588499	0.979939	-0.165819	2.53747
158	0.54815	0.561482	0.625695	-0.0486926	2.24605
159	0.0377054	0.0720108	0.543203	-2.01091	2.18424
160	-0.112461	-0.516409	0.679732	0.480174	2.53438
161	-0.0292747	-0.581382	0.604571	-0.288246	2.28032
162	0.340919	-0.570274	0.763333	0.391838	2.43079
163	0.298229	-0.0199279	0.774887	0.40867	2.07375
164	0.338376	0.0964989	0.776241	0.213088	2.23072
165	0.177136	0.381107	0.953698	0.239149	2.12095
