VOLNUM	fmriSeriesEncode#2Run1_2.bxh	fmriSeriesEncode#2Run2_4.bxh	fmriSeriesEncode#2Run3_6.bxh	fmriSeriesEncode#2Run4_8.bxh	fmriSeriesEncode#2Run5_10.bxh
0	226.379	228.372	227.863	229.194	228.55
1	225.828	227.608	227.687	228.515	228.018
2	225.459	227.385	227.356	228.432	226.862
3	225.607	227.274	227.088	228.261	226.203
4	225.587	226.848	227.021	228.323	225.926
5	225.542	226.897	226.88	227.907	226.374
6	225.38	226.613	226.652	228.032	227.15
7	225.008	226.755	226.952	228.157	227.292
8	224.893	226.421	226.832	228.044	227.452
9	224.585	226.395	227.139	228.097	226.882
10	224.359	225.989	226.824	227.77	226.702
11	224.147	225.562	226.766	227.654	226.824
12	224.217	225.969	226.562	227.441	227.062
13	224.422	225.212	226.657	227.52	227.059
14	224.708	225.572	226.779	227.78	227.374
15	224.529	226.104	227.034	227.721	227.202
16	224.558	226.231	227.048	227.525	226.893
17	224.319	226.09	226.019	226.526	226.772
18	224.19	226.245	225.777	226.696	226.576
19	224.794	225.774	225.628	226.659	226.649
20	225	225.246	225.52	226.392	227.112
21	224.862	225.676	225.228	225.701	227.149
22	224.218	225.517	225.269	225.712	227.127
23	223.997	225.524	225.376	226.005	226.915
24	223.871	225.025	225.425	226.091	227.242
25	223.626	225.254	225.194	226.162	227.185
26	224.923	225.011	225.324	226.076	227.046
27	224.72	225.886	225.534	225.884	227.603
28	224.842	225.65	225.434	225.81	227.606
29	224.265	224.82	225.537	225.755	227.225
30	224.008	224.623	225.393	225.832	227.223
31	223.845	224.853	225.513	225.971	227.217
32	223.559	224.973	226.084	225.867	227.129
33	223.732	224.816	226.415	225.932	226.699
34	223.588	225.261	226.89	226.118	226.058
35	223.849	225.323	226.491	226.008	226.078
36	223.887	224.855	226.371	226.318	225.989
37	223.924	224.811	226.132	225.854	226.304
38	224.341	224.699	226.615	226.243	225.91
39	224.174	225.01	226.789	226.711	226.58
40	224.505	225.458	227.027	226.956	226.975
41	224.422	224.953	226.711	226.656	227.035
42	224.429	225.808	227.193	226.438	227.112
43	224.261	226.166	226.925	226.241	226.346
44	224.002	225.435	226.341	226.23	225.982
45	223.808	225.144	226.086	226.757	226.284
46	224.377	224.949	226.24	226.683	226.671
47	224.232	224.768	225.768	226.252	226.523
48	223.856	224.47	225.549	226.27	226.556
49	223.276	224.969	225.091	225.601	226.143
50	223.832	224.779	224.793	225.564	226.164
51	223.927	225.048	225.281	226.057	226.132
52	224.087	225.36	225.13	225.922	226.087
53	224.01	225.305	224.997	225.457	226.192
54	224.071	225.344	224.942	225.509	225.977
55	224.015	225.137	224.942	225.279	226.367
56	223.725	225.579	225.218	225.303	225.72
57	223.817	225.368	225.901	225.467	226.7
58	223.717	225.248	226.026	225.538	226.747
59	223.891	225.094	225.694	226.075	227.199
60	223.883	225.074	225.347	226.442	227.139
61	223.984	225.25	225.068	226.749	227.219
62	223.829	225.237	225.467	226.582	226.881
63	224.029	225.552	225.799	226.138	226.78
64	224.02	225.516	225.941	225.413	226.681
65	223.888	226.076	226.129	225.69	226.845
66	224.266	225.889	226.3	225.24	227.178
67	224.3	226.29	226.218	225.093	227.397
68	224.284	226.411	225.728	225.341	227.129
69	223.998	227.201	225.768	225.138	226.844
70	224.266	226.367	225.323	224.79	226.84
71	223.812	225.778	226.014	224.95	226.522
72	224.261	225.055	226.137	225.452	227.008
73	224.16	224.544	225.983	225.647	226.855
74	224.174	224.451	226.58	225.713	226.509
75	223.993	224.655	226.478	226.074	226.379
76	223.542	225.024	226.549	226.296	226.101
77	223.82	225.139	226.737	226.147	226.041
78	224.386	224.717	226.451	226.517	226.648
79	224.319	224.655	226.5	226.506	226.336
80	224.106	224.506	226.575	227.008	226.321
81	223.805	224.873	226.472	227.245	225.889
82	223.534	224.915	226.204	227.476	226.023
83	223.831	224.861	226.535	227.555	225.84
84	223.877	224.869	226.381	227.323	226.091
85	224.136	224.823	226.211	226.908	226.146
86	224.134	225.279	226.188	226.456	226.298
87	223.975	225.572	226.011	226.738	226.373
88	224.028	225.922	225.937	227.055	227.01
89	223.871	226.352	225.747	227.264	227.431
90	224.582	225.366	226.023	227.585	226.643
91	223.889	225.931	226.06	226.099	226.676
92	224.652	226.255	226.234	227.841	226.611
93	224.9	226.557	226.314	226.736	226.758
94	224.749	226.674	226.615	227.141	226.457
95	224.679	226.477	226.635	226.754	226.558
96	224.994	226.895	226.862	226.515	226.313
97	224.13	226.716	226.899	226.444	226.251
98	225.58	226.323	226.892	226.034	225.856
99	225.505	225.773	226.465	226.022	226.646
100	226.073	225.733	226.285	226.212	226.483
101	225.459	225.573	226.077	226.438	226.405
102	223.295	225.724	226.166	225.441	225.989
103	222.825	225.177	226.802	224.804	225.644
104	223.063	225.348	226.972	224.887	225.864
105	223.287	225.295	226.67	225.496	226.258
106	223.526	225.31	226.32	225.249	225.796
107	223.532	224.974	225.852	225.238	225.956
108	223.588	225.233	225.678	225.127	225.88
109	223.62	225.126	225.767	225.35	225.786
110	223.947	225.17	225.758	225.641	225.657
111	224.076	225.343	225.921	225.677	225.848
112	224.38	225.775	225.752	225.806	225.711
113	224.349	226.122	226.24	225.918	225.865
114	224.549	225.931	226.379	225.814	225.923
115	224.775	225.844	226.295	226.098	226.082
116	223.717	225.673	226.14	225.119	226.015
117	223.616	225.491	226.016	226.386	226.333
118	224.735	224.894	226	226.362	225.776
119	225.053	226.347	226.074	225.878	226.822
120	225.05	226.331	226.131	225.368	227.18
121	225.051	226.105	226.619	225.613	227.297
122	224.488	225.808	226.264	224.803	226.74
123	225.219	224.948	226.854	225.595	226.899
124	225.131	225.535	226.771	225.679	227.149
125	224.691	225.842	226.566	225.12	227.247
126	224.541	225.474	226.435	224.759	227.447
127	224.3	225.431	225.746	224.456	227.202
128	224.817	225.388	226.511	224.847	227.302
129	224.975	225.05	226.428	225.385	227.567
130	224.762	225.191	226.241	225.271	227.815
131	224.813	225.269	225.919	225.879	227.934
132	224.635	225.38	225.786	226.267	227.604
133	224.699	225.205	226.03	226.215	227.448
134	224.689	225.291	225.074	226.083	227.45
135	224.711	225.132	225.851	225.809	227.155
136	224.799	225.484	225.679	226.157	226.605
137	224.847	225.288	225.574	226.362	226.254
138	224.781	225.467	225.485	226.668	226.032
139	224.858	225.526	225.742	226.667	226.196
140	225.102	225.383	225.966	226.392	225.868
141	225.298	225.593	226.128	226.335	225.844
142	225.55	225.798	225.557	226.335	226.047
143	225.226	225.823	226.335	226.308	226.194
144	225.011	225.632	226.636	226.733	226.669
145	225.85	226.158	226.777	226.328	226.947
146	225.956	226.045	226.752	226.511	226.89
147	225.653	225.699	226.596	226.03	226.666
148	225.742	225.265	226.641	225.906	226.768
149	225.458	225.553	226.83	225.98	227.211
150	224.492	226.091	226.695	226.102	227.199
151	225.174	226.017	226.691	226.27	226.674
152	225.391	225.557	226.376	226.939	226.658
153	225.084	225.239	226.566	226.776	226.478
154	225.056	225.357	226.458	226.586	226.633
155	224.285	225.815	226.762	226.04	227.67
156	224.103	226.31	226.959	225.92	228.47
157	225.049	226.174	227.216	226.099	229.339
158	224.994	226.147	226.864	226.215	229.046
159	224.485	225.659	226.778	224.256	228.985
160	224.333	225.069	226.914	226.747	229.333
161	224.42	225.006	226.841	225.978	229.081
162	224.786	225.015	227.002	226.656	229.233
163	224.743	225.565	227.009	226.674	228.874
164	224.785	225.682	227.013	226.478	229.028
165	224.622	225.965	227.19	226.506	228.924
