VOLNUM	fmriSeriesEncode_2Run1_2.bxh	fmriSeriesEncode_2Run2_4.bxh	fmriSeriesEncode_2Run3_6.bxh	fmriSeriesEncode_2Run4_8.bxh	fmriSeriesEncode_2Run5_10.bxh
0	116.065	116.343	116.357	116.347	116.535
1	116.046	116.23	116.434	116.467	116.471
2	115.988	116.299	116.427	116.457	116.398
3	116.083	116.234	116.368	116.44	116.423
4	116.045	116.282	116.414	116.491	116.312
5	116.03	116.295	116.284	116.396	116.373
6	116.093	116.181	116.346	116.477	116.302
7	115.956	116.251	116.347	116.511	116.35
8	116.073	116.178	116.346	116.396	116.4
9	116.086	116.235	116.414	116.494	116.27
10	116.001	116.196	116.348	116.391	116.342
11	116.119	116.213	116.433	116.478	116.364
12	116.158	116.319	116.362	116.456	116.378
13	116.168	116.45	116.364	116.49	116.482
14	116.162	116.481	116.513	116.577	116.407
15	116.089	116.339	116.418	116.478	116.42
16	116.137	116.361	116.508	116.551	116.384
17	116.094	116.358	116.456	116.535	116.382
18	116.26	116.395	116.54	116.571	116.43
19	116.195	116.633	116.426	116.449	116.526
20	116.169	116.568	116.49	116.512	116.502
21	116.253	116.409	116.424	116.436	116.429
22	116.129	116.378	116.473	116.444	116.47
23	116.168	116.401	116.485	116.468	116.469
24	116.355	116.377	116.43	116.524	116.466
25	116.358	116.704	116.456	116.451	116.446
26	116.353	116.511	116.424	116.501	116.549
27	116.281	116.435	116.443	116.413	116.45
28	116.328	116.32	116.385	116.473	116.498
29	116.166	116.331	116.406	116.439	116.376
30	116.212	116.157	116.354	116.42	116.419
31	116.189	116.234	116.312	116.475	116.358
32	116.143	116.261	116.316	116.351	116.368
33	116.221	116.21	116.375	116.41	116.374
34	116.143	116.292	116.383	116.422	116.355
35	116.248	116.26	116.4	116.368	116.412
36	116.251	116.187	116.379	116.478	116.354
37	116.171	116.255	116.398	116.388	116.4
38	116.298	116.219	116.456	116.525	116.471
39	116.308	116.292	116.37	116.444	116.417
40	116.345	116.313	116.466	116.551	116.454
41	116.217	116.253	116.406	116.51	116.417
42	116.292	116.344	116.493	116.539	116.467
43	116.296	116.26	116.417	116.53	116.443
44	116.336	116.4	116.523	116.522	116.555
45	116.325	116.299	116.441	116.592	116.367
46	116.292	116.252	116.493	116.526	116.477
47	116.251	116.248	116.366	116.54	116.445
48	116.334	116.202	116.423	116.504	116.534
49	116.292	116.267	116.391	116.545	116.471
50	116.193	116.309	116.442	116.575	116.541
51	116.204	116.4	116.384	116.514	116.431
52	116.272	116.271	116.355	116.579	116.454
53	116.167	116.296	116.378	116.452	116.411
54	116.243	116.313	116.267	116.493	116.345
55	116.231	116.193	116.354	116.412	116.306
56	116.151	116.297	116.348	116.459	116.406
57	116.158	116.23	116.435	116.412	116.26
58	116.12	116.292	116.342	116.441	116.282
59	116.152	116.235	116.371	116.61	116.364
60	116.132	116.221	116.397	116.254	116.253
61	116.192	116.281	116.302	116.379	116.4
62	116.157	116.246	116.302	116.531	116.362
63	116.241	116.306	116.372	116.525	116.386
64	116.124	116.283	116.331	116.435	116.392
65	116.268	116.414	116.508	116.543	116.462
66	116.265	116.363	116.439	116.486	116.432
67	116.225	116.31	116.51	116.48	116.497
68	116.31	116.412	116.437	116.472	116.443
69	116.231	116.404	116.455	116.42	116.432
70	116.337	116.273	116.499	116.522	116.361
71	116.354	116.407	116.468	116.489	116.511
72	116.324	116.279	116.443	116.465	116.447
73	116.232	116.3	116.351	116.473	116.469
74	116.315	116.257	116.356	116.446	116.378
75	116.238	116.255	116.353	116.538	116.415
76	116.528	116.344	116.432	116.541	116.365
77	116.373	116.227	116.407	116.58	116.413
78	116.342	116.301	116.471	116.555	116.43
79	116.229	116.326	116.418	116.465	116.411
80	116.28	116.233	116.427	116.498	116.401
81	116.27	116.269	116.411	116.454	116.342
82	116.185	116.208	116.305	116.438	116.39
83	116.237	116.233	116.372	116.446	116.291
84	116.196	116.246	116.236	116.437	116.353
85	116.274	116.184	116.344	116.442	116.306
86	116.134	116.245	116.377	116.432	116.369
87	116.202	116.237	116.287	116.446	116.389
88	116.244	116.231	116.381	116.427	116.39
89	116.158	116.338	116.303	116.427	116.473
90	116.285	116.343	116.356	116.474	116.372
91	116.312	116.404	116.378	116.619	116.54
92	116.432	116.263	116.484	116.479	116.409
93	116.261	116.34	116.435	116.516	116.465
94	116.34	116.355	116.442	116.485	116.403
95	116.285	116.315	116.396	116.48	116.455
96	116.414	116.388	116.422	116.498	116.435
97	116.685	116.286	116.409	116.434	116.441
98	116.388	116.335	116.5	116.374	116.464
99	116.451	116.283	116.395	116.41	116.496
100	116.338	116.389	116.463	116.463	116.42
101	116.392	116.327	116.399	116.498	116.497
102	116.263	116.411	116.483	116.501	116.389
103	116.332	116.381	116.395	116.595	116.488
104	116.183	116.352	116.5	116.44	116.39
105	116.207	116.284	116.424	116.555	116.412
106	116.233	116.28	116.493	116.459	116.371
107	116.155	116.248	116.396	116.495	116.435
108	116.158	116.282	116.388	116.435	116.393
109	116.18	116.221	116.353	116.399	116.362
110	116.207	116.295	116.277	116.466	116.3
111	116.101	116.247	116.342	116.353	116.268
112	116.173	116.15	116.316	116.488	116.321
113	116.206	116.237	116.378	116.487	116.307
114	116.2	116.208	116.314	116.417	116.364
115	116.233	116.281	116.421	116.486	116.338
116	116.343	116.251	116.356	116.496	116.406
117	116.397	116.25	116.398	116.568	116.418
118	116.284	116.38	116.308	116.476	116.436
119	116.374	116.366	116.369	116.553	116.452
120	116.314	116.289	116.356	116.472	116.403
121	116.459	116.39	116.426	116.422	116.491
122	116.425	116.339	116.399	116.549	116.423
123	116.448	116.307	116.468	116.565	116.45
124	116.356	116.42	116.39	116.504	116.501
125	116.302	116.315	116.433	116.458	116.472
126	116.368	116.299	116.477	116.485	116.529
127	116.338	116.325	116.395	116.443	116.44
128	116.397	116.271	116.492	116.468	116.419
129	116.307	116.404	116.431	116.45	116.342
130	116.337	116.3	116.507	116.491	116.374
131	116.261	116.329	116.434	116.56	116.38
132	116.214	116.268	116.433	116.422	116.426
133	116.293	116.258	116.36	116.502	116.402
134	116.2	116.261	116.618	116.51	116.508
135	116.228	116.176	116.355	116.384	116.417
136	116.295	116.267	116.416	116.471	116.497
137	116.267	116.166	116.355	116.403	116.45
138	116.268	116.261	116.321	116.389	116.277
139	116.327	116.312	116.355	116.527	116.386
140	116.286	116.278	116.312	116.406	116.325
141	116.294	116.332	116.351	116.486	116.36
142	116.345	116.231	116.417	116.486	116.359
143	116.524	116.312	116.462	116.553	116.42
144	116.504	116.336	116.365	116.549	116.425
145	116.355	116.345	116.438	116.554	116.452
146	116.385	116.278	116.354	116.573	116.478
147	116.305	116.332	116.408	116.5	116.445
148	116.391	116.316	116.43	116.571	116.514
149	116.379	116.398	116.491	116.564	116.461
150	116.51	116.287	116.437	116.574	116.467
151	116.427	116.335	116.505	116.526	116.419
152	116.433	116.267	116.409	116.594	116.463
153	116.371	116.33	116.471	116.538	116.376
154	116.409	116.288	116.367	116.63	116.541
155	116.504	116.286	116.432	116.484	116.48
156	116.446	116.332	116.38	116.527	116.599
157	116.326	116.315	116.404	116.518	116.527
158	116.309	116.351	116.375	116.468	116.517
159	116.298	116.251	116.351	116.513	116.403
160	116.262	116.242	116.336	116.479	116.422
161	116.25	116.268	116.367	116.546	116.372
162	116.294	116.202	116.365	116.533	116.394
163	116.268	116.295	116.379	116.465	116.356
164	116.32	116.223	116.381	116.46	116.42
165	116.195	116.274	116.371	116.432	116.409
