VOLNUM	fmriSeriesEncode_2Run1_2.bxh	fmriSeriesEncode_2Run2_4.bxh	fmriSeriesEncode_2Run3_6.bxh	fmriSeriesEncode_2Run4_8.bxh	fmriSeriesEncode_2Run5_10.bxh
0	109.373	109.41	109.459	109.547	109.506
1	109.36	109.416	109.461	109.557	109.494
2	109.362	109.424	109.453	109.548	109.48
3	109.37	109.42	109.449	109.545	109.491
4	109.386	109.414	109.464	109.558	109.493
5	109.393	109.397	109.475	109.561	109.509
6	109.376	109.401	109.471	109.562	109.512
7	109.387	109.415	109.449	109.561	109.511
8	109.383	109.415	109.456	109.559	109.493
9	109.38	109.426	109.459	109.554	109.488
10	109.379	109.421	109.453	109.549	109.515
11	109.351	109.417	109.465	109.56	109.512
12	109.366	109.406	109.476	109.536	109.513
13	109.382	109.376	109.464	109.536	109.51
14	109.384	109.41	109.46	109.545	109.529
15	109.39	109.433	109.471	109.554	109.523
16	109.384	109.459	109.47	109.546	109.52
17	109.367	109.463	109.454	109.525	109.506
18	109.35	109.43	109.453	109.535	109.497
19	109.363	109.36	109.442	109.525	109.467
20	109.366	109.405	109.442	109.545	109.499
21	109.381	109.41	109.438	109.528	109.508
22	109.369	109.424	109.455	109.531	109.514
23	109.361	109.408	109.457	109.553	109.51
24	109.305	109.404	109.447	109.558	109.505
25	109.344	109.326	109.438	109.56	109.497
26	109.374	109.401	109.462	109.556	109.489
27	109.392	109.415	109.467	109.551	109.498
28	109.4	109.437	109.476	109.55	109.51
29	109.392	109.428	109.494	109.544	109.511
30	109.389	109.42	109.472	109.549	109.519
31	109.389	109.432	109.472	109.545	109.521
32	109.389	109.439	109.462	109.551	109.526
33	109.39	109.427	109.459	109.553	109.507
34	109.378	109.426	109.449	109.547	109.497
35	109.379	109.412	109.442	109.544	109.49
36	109.37	109.408	109.458	109.55	109.491
37	109.368	109.403	109.464	109.544	109.502
38	109.365	109.4	109.458	109.547	109.537
39	109.317	109.41	109.467	109.546	109.507
40	109.353	109.418	109.459	109.563	109.503
41	109.385	109.407	109.466	109.556	109.524
42	109.399	109.409	109.471	109.546	109.522
43	109.38	109.413	109.468	109.528	109.517
44	109.369	109.419	109.446	109.54	109.515
45	109.376	109.42	109.44	109.56	109.515
46	109.39	109.416	109.452	109.549	109.514
47	109.381	109.405	109.438	109.552	109.498
48	109.334	109.402	109.456	109.524	109.498
49	109.355	109.411	109.454	109.521	109.467
50	109.373	109.395	109.456	109.534	109.493
51	109.375	109.412	109.452	109.547	109.468
52	109.368	109.412	109.453	109.537	109.477
53	109.366	109.414	109.464	109.539	109.48
54	109.377	109.413	109.475	109.543	109.495
55	109.384	109.42	109.457	109.547	109.488
56	109.397	109.421	109.467	109.566	109.514
57	109.381	109.423	109.477	109.571	109.556
58	109.385	109.427	109.469	109.582	109.544
59	109.386	109.422	109.466	109.553	109.523
60	109.379	109.425	109.461	109.561	109.533
61	109.367	109.416	109.462	109.558	109.518
62	109.372	109.421	109.47	109.562	109.513
63	109.376	109.43	109.463	109.531	109.512
64	109.343	109.427	109.474	109.518	109.504
65	109.357	109.382	109.45	109.502	109.511
66	109.359	109.331	109.452	109.536	109.523
67	109.37	109.377	109.451	109.557	109.52
68	109.366	109.433	109.45	109.556	109.509
69	109.37	109.44	109.44	109.541	109.497
70	109.355	109.432	109.422	109.538	109.488
71	109.396	109.409	109.444	109.532	109.485
72	109.396	109.416	109.46	109.548	109.496
73	109.389	109.426	109.459	109.554	109.494
74	109.391	109.412	109.483	109.562	109.484
75	109.356	109.423	109.488	109.556	109.498
76	109.356	109.427	109.484	109.541	109.498
77	109.367	109.425	109.455	109.533	109.502
78	109.381	109.412	109.461	109.525	109.506
79	109.373	109.402	109.454	109.537	109.513
80	109.365	109.386	109.465	109.527	109.507
81	109.357	109.407	109.46	109.561	109.495
82	109.365	109.409	109.46	109.559	109.507
83	109.368	109.405	109.465	109.569	109.517
84	109.38	109.411	109.448	109.57	109.524
85	109.388	109.418	109.45	109.577	109.517
86	109.388	109.425	109.449	109.563	109.513
87	109.385	109.43	109.459	109.557	109.516
88	109.381	109.423	109.46	109.552	109.523
89	109.376	109.416	109.454	109.574	109.504
90	109.379	109.395	109.455	109.574	109.505
91	109.355	109.415	109.45	109.509	109.495
92	109.379	109.416	109.427	109.506	109.513
93	109.395	109.425	109.465	109.509	109.515
94	109.411	109.426	109.455	109.515	109.507
95	109.4	109.402	109.464	109.544	109.497
96	109.358	109.42	109.477	109.558	109.503
97	109.314	109.413	109.482	109.551	109.517
98	109.283	109.404	109.492	109.536	109.494
99	109.354	109.398	109.478	109.518	109.507
100	109.409	109.394	109.474	109.549	109.502
101	109.372	109.399	109.463	109.515	109.502
102	109.357	109.394	109.452	109.554	109.512
103	109.367	109.404	109.458	109.546	109.503
104	109.383	109.425	109.468	109.57	109.508
105	109.379	109.42	109.447	109.567	109.497
106	109.385	109.419	109.442	109.559	109.493
107	109.378	109.419	109.435	109.569	109.497
108	109.373	109.421	109.44	109.554	109.502
109	109.384	109.419	109.429	109.556	109.505
110	109.387	109.434	109.43	109.558	109.51
111	109.391	109.428	109.451	109.557	109.519
112	109.383	109.433	109.461	109.556	109.514
113	109.384	109.423	109.466	109.539	109.509
114	109.397	109.429	109.465	109.543	109.506
115	109.391	109.427	109.468	109.542	109.499
116	109.365	109.417	109.47	109.532	109.504
117	109.368	109.395	109.482	109.545	109.514
118	109.359	109.374	109.479	109.557	109.515
119	109.377	109.397	109.481	109.554	109.517
120	109.361	109.394	109.474	109.537	109.516
121	109.334	109.401	109.467	109.559	109.517
122	109.355	109.388	109.456	109.516	109.516
123	109.383	109.42	109.474	109.55	109.489
124	109.373	109.412	109.468	109.539	109.502
125	109.362	109.427	109.46	109.535	109.491
126	109.336	109.422	109.437	109.528	109.49
127	109.347	109.416	109.438	109.518	109.502
128	109.372	109.416	109.447	109.528	109.51
129	109.382	109.414	109.439	109.558	109.545
130	109.391	109.42	109.445	109.564	109.521
131	109.398	109.415	109.44	109.556	109.485
132	109.391	109.405	109.455	109.554	109.501
133	109.388	109.416	109.452	109.551	109.501
134	109.378	109.417	109.463	109.559	109.494
135	109.381	109.427	109.47	109.559	109.491
136	109.385	109.426	109.476	109.563	109.496
137	109.385	109.427	109.472	109.553	109.502
138	109.372	109.417	109.472	109.55	109.51
139	109.362	109.413	109.478	109.551	109.52
140	109.359	109.422	109.466	109.552	109.524
141	109.362	109.416	109.455	109.543	109.516
142	109.352	109.4	109.436	109.543	109.497
143	109.327	109.393	109.454	109.544	109.507
144	109.379	109.396	109.456	109.547	109.501
145	109.405	109.418	109.463	109.547	109.51
146	109.405	109.412	109.451	109.541	109.505
147	109.409	109.405	109.462	109.531	109.505
148	109.389	109.393	109.464	109.527	109.51
149	109.351	109.409	109.456	109.536	109.52
150	109.339	109.421	109.454	109.544	109.516
151	109.374	109.426	109.461	109.545	109.501
152	109.381	109.433	109.464	109.553	109.488
153	109.387	109.422	109.482	109.551	109.506
154	109.37	109.408	109.465	109.558	109.497
155	109.302	109.402	109.47	109.553	109.518
156	109.377	109.413	109.456	109.548	109.516
157	109.373	109.409	109.463	109.532	109.504
158	109.371	109.426	109.452	109.537	109.49
159	109.382	109.423	109.453	109.556	109.519
160	109.384	109.417	109.443	109.558	109.505
161	109.374	109.407	109.43	109.552	109.507
162	109.369	109.402	109.446	109.543	109.508
163	109.379	109.411	109.453	109.553	109.507
164	109.37	109.41	109.466	109.544	109.506
165	109.379	109.412	109.458	109.546	109.506
