VOLNUM	fmriSeriesEncode_2Run1_2.bxh	fmriSeriesEncode_2Run2_4.bxh	fmriSeriesEncode_2Run3_6.bxh	fmriSeriesEncode_2Run4_8.bxh	fmriSeriesEncode_2Run5_10.bxh
0	4.96276	5.07928	5.15709	5.06903	4.93202
1	4.68237	5.17564	4.83765	4.74703	5.20113
2	4.85578	5.03472	4.71277	4.56102	5.03906
3	4.75803	5.05912	4.7901	4.64645	4.89846
4	4.86898	4.92718	4.61939	4.37085	5.00256
5	4.91502	4.6721	4.81204	4.5385	4.89937
6	4.64084	4.92242	4.84604	4.42209	4.81035
7	4.87197	4.65681	4.6894	4.36282	4.98149
8	4.55164	4.93211	4.85128	4.65873	4.634
9	4.19444	4.72585	4.5862	4.30061	4.66943
10	4.58297	4.85216	4.85303	4.60102	4.63899
11	4.43225	4.82756	4.64593	4.16216	4.55846
12	4.09688	4.65831	4.84489	4.15974	4.6646
13	3.91424	4.77877	4.85668	4.45368	4.52045
14	3.98564	4.33266	4.87541	4.24499	4.57368
15	4.06112	4.46167	5.11222	4.40291	4.52584
16	3.97717	4.47482	4.92874	4.13484	4.5212
17	4.3001	4.19713	4.99163	4.16513	4.61548
18	3.69182	4.52319	4.65344	3.902	4.50555
19	4.12898	4.77912	4.76262	4.33916	4.67657
20	4.42579	4.70153	4.57076	3.92369	4.28095
21	3.90118	4.07679	4.70624	4.10199	4.25359
22	4.10646	4.10212	4.72133	3.96552	4.25702
23	3.96425	4.35801	4.67121	4.34813	4.73347
24	4.36911	4.98382	4.8425	3.80266	4.29119
25	4.13198	4.93665	4.66139	3.97372	4.45721
26	4.0486	5.06174	4.69087	3.92305	4.29694
27	3.76348	4.84302	4.56693	4.27217	4.6284
28	4.04503	4.22865	4.76906	3.83416	4.21086
29	3.96722	4.46765	4.71174	3.97067	4.46152
30	4.20364	4.46498	4.72139	4.01956	4.27616
31	4.24895	4.04983	4.62455	3.88739	4.67974
32	4.13967	4.28837	4.45571	4.34368	4.41085
33	4.29196	4.08376	4.43324	4.17136	4.51199
34	4.09501	4.45114	4.39462	4.27626	4.41447
35	4.209	4.37	4.58505	4.39741	4.22166
36	4.13387	4.3086	4.54876	3.82617	4.45436
37	4.19881	4.49506	4.67542	4.19531	4.26659
38	4.35708	4.05592	4.36996	3.85721	4.45459
39	4.51048	4.36244	4.69477	3.85812	4.19734
40	4.42854	4.32203	4.58066	3.91197	3.9572
41	4.00767	4.05646	4.71289	3.88216	3.98837
42	3.81141	4.38632	4.64419	4.07476	3.89164
43	3.95367	3.89136	4.77923	3.73497	4.47428
44	4.43189	4.63422	4.70939	3.63404	4.41167
45	4.05001	4.32806	4.74421	4.03	4.2666
46	4.21851	4.11501	4.41645	3.88306	4.11601
47	4.09946	4.46245	4.63875	3.89054	4.15845
48	4.23209	4.33772	4.50548	3.98729	4.32208
49	3.76234	4.35696	4.56039	4.27385	4.29477
50	3.89955	4.62116	4.64146	4.13372	4.45778
51	3.76463	4.63507	4.5552	4.11686	4.17148
52	3.54557	4.10909	4.63666	5.09619	4.25293
53	3.93329	4.10076	4.51737	4.33565	4.25588
54	3.57009	4.57133	4.68095	4.34836	4.18422
55	3.83721	4.12164	4.65949	4.18366	4.34635
56	3.90044	4.30194	4.64225	4.51889	4.83942
57	3.86451	3.93746	4.51439	4.35885	4.89767
58	4.05171	4.37856	4.57503	4.479	4.87306
59	3.90203	4.14974	4.50581	4.80724	4.73212
60	4.21861	4.09907	4.52262	4.80845	4.54995
61	3.78105	4.00512	4.61692	4.29822	4.67045
62	4.04139	4.05966	4.60201	4.3327	4.48258
63	4.04004	4.20077	4.4125	4.41566	4.66793
64	4.16165	3.79256	4.67043	4.44078	4.3292
65	3.95356	4.38478	4.40925	4.35185	4.45061
66	3.7475	4.99273	4.47695	4.31986	4.29677
67	3.76052	5.59717	4.41163	4.11516	4.49993
68	3.76639	5.15034	4.60001	4.09698	4.42372
69	3.64133	4.85638	4.62792	4.19665	4.35026
70	3.99644	4.81143	4.67496	4.01341	4.27248
71	4.32617	4.62645	4.39409	3.90782	4.15839
72	3.99358	4.51271	4.28165	3.87719	3.9724
73	3.76933	4.12426	4.59678	4.19699	4.10989
74	3.82093	4.12061	4.45493	4.04191	4.10442
75	3.6195	4.28718	4.5085	4.02504	4.50737
76	4.59863	4.06547	4.52937	4.07466	4.51064
77	4.21568	4.10278	4.42788	3.99303	4.25128
78	4.23075	4.24252	4.50452	3.98268	4.00605
79	3.73382	3.96918	4.18862	4.02597	3.93648
80	3.95074	4.02142	4.22999	3.87901	4.36306
81	4.04641	3.89951	4.38061	4.4037	4.206
82	4.0614	4.04803	3.99625	4.46295	4.45542
83	4.23373	4.24843	4.42439	4.53147	4.33806
84	3.98773	3.956	4.1621	4.45921	4.28789
85	4.55153	4.14898	4.1603	4.62744	4.29304
86	4.07639	3.92536	4.29003	4.54833	4.29638
87	3.9808	4.01883	4.07798	4.69452	4.33553
88	4.22508	4.13389	4.38037	4.68334	4.38891
89	4.08514	3.82509	4.21478	4.68039	4.52733
90	4.43647	4.06313	4.09266	4.48245	4.25487
91	4.5004	4.55792	3.93559	5.35682	4.11847
92	4.64745	3.9566	4.03442	4.71242	3.86116
93	3.96146	4.28768	4.33024	4.83569	4.02613
94	4.34785	4.41223	4.39802	4.82919	4.12121
95	4.10479	4.24754	4.23715	4.74227	4.09529
96	4.36696	4.55397	4.28638	4.98262	4.15139
97	4.9399	4.25557	4.26986	5.01481	4.04593
98	5.54813	4.46855	4.46801	5.14248	4.01353
99	5.67241	4.48871	4.00053	5.02179	3.96743
100	5.21362	4.27327	4.23313	4.82363	3.80738
101	5.17217	4.01855	4.269	4.57797	4.12876
102	4.65893	4.1793	4.29332	4.64933	4.08955
103	4.57565	3.84372	4.07442	4.81143	4.09133
104	4.65644	4.13132	4.35722	4.19472	3.80263
105	4.55159	3.83194	4.23725	4.19025	4.09467
106	4.41068	3.98403	4.2863	3.91436	3.80207
107	4.55083	4.01074	4.15985	4.21957	3.89358
108	4.62505	4.22125	4.01443	4.08696	4.03299
109	4.58639	3.92104	4.18219	4.26416	4.15405
110	4.50558	4.11766	4.19887	4.60435	4.61516
111	4.73921	4.27303	4.20418	4.13803	4.85906
112	4.71894	4.00586	4.14019	4.23955	5.11075
113	4.52807	4.08387	4.15349	4.40461	4.86224
114	4.55367	3.95402	4.06867	4.00541	4.57878
115	4.3964	4.0072	4.12612	4.42842	4.29297
116	4.92156	3.97729	4.1384	3.9488	4.09971
117	4.35964	4.50462	4.15582	4.43417	4.03714
118	4.13479	3.94761	4.2678	3.82434	4.19008
119	4.19873	4.12191	4.08384	4.67099	4.06165
120	4.14081	3.96974	4.20196	4.63549	4.07113
121	4.2775	3.89791	4.36023	4.47586	4.2719
122	4.38572	3.98932	3.91865	3.87126	4.56965
123	4.29767	4.22914	4.3512	4.27244	4.01585
124	4.11927	3.91701	4.08582	4.03217	4.04375
125	4.04926	3.60466	4.02495	4.12651	3.9144
126	4.26224	3.38306	4.42736	4.53231	4.28792
127	4.01899	3.50385	3.9744	4.52079	4.40183
128	3.90397	3.75541	4.50261	4.23943	3.94641
129	3.48483	4.23182	3.96131	4.30818	4.4307
130	3.80741	3.58515	4.36788	4.03476	4.54642
131	3.88124	3.90157	4.20413	4.40002	4.76217
132	3.70054	3.74345	4.29429	3.76753	4.59416
133	4.29509	3.86337	4.55427	3.6225	4.57296
134	3.93714	3.86278	5.44385	4.02691	4.42629
135	3.69948	4.10749	3.96885	3.90658	4.45365
136	3.75272	4.06495	4.06817	4.1709	4.05743
137	3.42919	3.93244	3.96114	4.06457	4.20252
138	3.51498	3.79358	3.9909	4.09945	4.24707
139	3.81335	3.57712	4.23017	4.08363	3.92245
140	3.6931	3.73642	3.68036	4.1267	3.99858
141	3.6829	3.72266	4.1891	3.74645	4.02317
142	3.84562	3.85043	3.74982	4.03534	4.13907
143	4.67281	4.2216	4.19281	3.84034	4.11162
144	4.93264	3.84338	3.77887	4.09817	3.50046
145	4.18092	3.97699	4.03641	4.03292	3.54245
146	4.30245	3.86887	4.19796	4.0531	3.77057
147	3.87178	3.83019	3.90408	3.75509	3.83108
148	4.28806	3.91408	3.84844	3.79894	3.8185
149	3.83108	3.95607	4.27963	4.05948	3.69652
150	4.47446	3.57809	3.84109	4.00012	3.93125
151	4.26795	3.71187	4.0955	3.75517	3.90497
152	4.26358	3.6302	4.01725	3.93969	3.85119
153	3.86435	3.73518	4.11435	4.20555	4.20333
154	4.19431	3.82893	3.74492	4.2411	4.06551
155	4.37505	3.70675	4.05534	3.94727	3.92758
156	4.64668	3.87189	4.14641	3.68869	4.50404
157	4.51282	3.89627	4.0073	3.83206	4.85899
158	4.27781	3.88258	4.1217	3.71214	4.65828
159	4.40148	3.83642	4.09892	5.26365	4.70213
160	4.50067	4.06411	4.5344	5.03932	4.52218
161	4.50025	3.91585	4.3844	5.35713	4.299
162	4.31801	4.08572	4.79968	5.15589	4.86542
163	3.9336	4.0272	4.79095	5.17186	4.73393
164	4.68439	4.03323	4.86926	5.1095	4.73451
165	4.10406	3.99933	4.65893	4.95414	4.62471
