VOLNUM	fmriSeriesMoCoSeries_4.bxh	fmriSeriesMoCoSeries_6.bxh	fmriSeriesMoCoSeries_8.bxh	fmriSeriesMoCoSeries_10.bxh	fmriSeriesMoCoSeries_12.bxh
0	56.1154	56.0173	56.2087	56.5756	56.5846
1	56.1131	55.9945	56.1139	56.5675	56.5709
2	56.2114	55.9896	56.1447	56.5341	56.5899
3	56.1449	56.031	56.2207	56.7297	56.5612
4	56.117	55.9778	56.1411	56.5459	56.611
5	56.1085	55.9764	56.151	56.5878	56.5397
6	56.1418	56.0116	56.1871	56.5297	56.5591
7	56.0805	56.0234	56.1621	56.5293	56.6031
8	56.0929	55.9933	56.1745	56.5818	56.5922
9	56.1396	55.9937	56.2448	56.5642	56.6117
10	56.0856	55.9952	56.2666	56.6139	56.5616
11	56.1519	56.0066	56.1901	56.5728	56.5604
12	56.1216	56.0296	56.2414	56.6173	56.6313
13	56.1317	56.1628	56.1565	56.5889	56.5887
14	56.1201	56.0816	56.185	56.5505	56.5801
15	56.0871	55.9975	56.2523	56.5642	56.5926
16	56.1326	56.0271	56.2722	56.5573	56.5779
17	56.1557	55.9859	56.2478	56.5703	56.595
18	56.1222	56.0554	56.1688	56.5722	56.5875
19	56.0824	56.0207	56.1613	56.5799	56.5759
20	56.0803	56.0096	56.196	56.5351	56.5852
21	56.1228	55.9805	56.19	56.5493	56.5555
22	56.1164	56.0009	56.2275	56.5561	56.6064
23	56.1525	56.027	56.22	56.6013	56.6005
24	56.0909	56.0468	56.1907	56.5948	56.6191
25	56.1189	56.0139	56.1403	56.5596	56.5611
26	56.1043	56.0015	56.3377	56.5477	56.5693
27	56.1089	56.0125	56.2112	56.6039	56.5729
28	56.1041	56.0254	56.1856	56.5566	56.5693
29	56.1474	56.0019	56.1709	56.6567	56.595
30	56.1039	56.0343	56.2372	56.6004	56.5979
31	56.1262	55.9965	56.2029	56.5822	56.5752
32	56.1135	56.0262	56.199	56.607	56.5821
33	56.104	56.0249	56.2103	56.5524	56.5814
34	56.1305	56.0254	56.1827	56.5685	56.5993
35	56.1258	56.0493	56.2039	56.5698	56.6026
36	56.1009	56.01	56.2092	56.562	56.5582
37	56.0986	56.0231	56.1727	56.5623	56.5929
38	56.1357	56.0158	56.1868	56.6104	56.6198
39	56.1463	56.0484	56.2325	56.5525	56.5847
40	56.1146	56.0117	56.2604	56.5531	56.5923
41	56.0772	56.0273	56.1769	56.5437	56.5433
42	56.1903	56.0077	56.2033	56.5493	56.5703
43	56.1322	56.0278	56.1661	56.5735	56.6099
44	56.1209	56.0338	56.2251	56.5982	56.5865
45	56.1166	55.9784	56.2043	56.5986	56.5875
46	56.0913	55.9968	56.1932	56.5328	56.5616
47	56.1072	56.0116	56.1894	56.5493	56.5661
48	56.1077	56.0627	56.2017	56.5315	56.5887
49	56.0906	56.057	56.2389	56.5724	56.5948
50	56.1414	56.002	56.2579	56.6014	56.5619
51	56.1666	56.0108	56.1973	56.603	56.6078
52	56.0823	56.0289	56.1656	56.5851	56.6273
53	56.0824	56.0087	56.1926	56.611	56.6097
54	56.0971	56.0106	56.199	56.6067	56.5631
55	56.1345	56.0223	56.2329	56.6036	56.5887
56	56.1097	56.0269	56.2437	56.6179	56.564
57	56.1077	56.0356	56.2003	56.5634	56.5951
58	56.1109	55.9963	56.1916	56.5765	56.5643
59	56.1295	56.0136	56.2169	56.5662	56.6062
60	56.1129	56.0342	56.1863	56.5703	56.5767
61	56.0975	56.0104	56.2358	56.5869	56.581
62	56.1216	56.0148	56.1979	56.5339	56.5891
63	56.0952	56.02	56.2002	56.5533	56.6025
64	56.173	56.0304	56.2385	56.5334	56.6236
65	56.1582	56.0588	56.1688	56.5697	56.5457
66	56.1019	55.995	56.2417	56.5672	56.5443
67	56.084	56.0307	56.1644	56.5411	56.5775
68	56.1465	55.9807	56.1913	56.5555	56.5849
69	56.1873	56.0515	56.1809	56.5426	56.5887
70	56.0941	56.0617	56.2093	56.627	56.6165
71	56.1011	56.0046	56.2007	56.5572	56.5433
72	56.0844	56.0124	56.2016	56.6202	56.5915
73	56.1252	55.9883	56.2001	56.6004	56.5848
74	56.1194	56.0317	56.1857	56.616	56.6048
75	56.1482	56.0213	56.2099	56.5497	56.5866
76	56.1323	56.029	56.2625	56.6171	56.598
77	56.0883	56.0131	56.1833	56.5363	56.5608
78	56.073	56.0275	56.2068	56.5891	56.5813
79	56.1262	55.9949	56.2576	56.5811	56.5862
80	56.1002	56.0318	56.2211	56.5953	56.5805
81	56.0964	56.0037	56.1928	56.5581	56.6101
82	56.1311	56.0133	56.2171	56.5867	56.5832
83	56.0944	56.0251	56.1804	56.5445	56.6238
84	56.1088	56.0169	56.2077	56.5752	56.6018
85	56.137	56.0498	56.1975	56.5569	56.5904
86	56.1212	56.008	56.2006	56.5596	56.6091
87	56.1005	56.0253	56.1878	56.5898	56.5445
88	56.1433	56.0417	56.1901	56.5428	56.5383
89	56.1052	56.039	56.1492	56.5878	56.5972
90	56.1502	56.0538	56.3264	56.5918	56.6072
91	56.1355	55.9963	56.2141	56.5591	56.6025
92	56.1403	55.9752	56.2263	56.5984	56.5339
93	56.1049	56.0233	56.1904	56.5561	56.5632
94	56.0923	55.9988	56.2069	56.5869	56.5777
95	56.1286	56.0342	56.1433	56.5897	56.5594
96	56.1084	56.031	56.1935	56.5628	56.6193
97	56.1681	55.9955	56.166	56.5828	56.6167
98	56.1092	56.0452	56.2265	56.5487	56.5683
99	56.1056	56.001	56.2179	56.6018	56.5822
100	56.0811	56.0624	56.2196	56.5698	56.5695
101	56.1451	56.0279	56.224	56.592	56.5694
102	56.1118	56.0383	56.1925	56.5512	56.6402
103	56.0969	55.983	56.2242	56.5839	56.602
104	56.124	56.0135	56.1862	56.5554	56.5767
105	56.0869	56.0263	56.2439	56.5582	56.597
106	56.1186	55.9873	56.2014	56.5376	56.5552
107	56.109	56.0236	56.2063	56.6019	56.5874
108	56.1165	56.0093	56.1692	56.559	56.5803
109	56.1469	56.0407	56.1887	56.6255	56.583
110	56.1149	56.0185	56.2405	56.5829	56.5929
111	56.0877	56.0366	56.2211	56.5973	56.5471
112	56.1243	56.0089	56.2126	56.5659	56.6647
113	56.1149	55.9926	56.1948	56.5946	56.5465
114	56.0904	56.0465	56.1961	56.5816	56.6042
115	56.1556	56.0297	56.2333	56.5683	56.5885
116	56.1378	56.0761	56.2235	56.5652	56.6142
117	56.1375	56.0177	56.1726	56.5741	56.5629
118	56.0849	56.0266	56.1846	56.5391	56.5565
119	56.1107	55.976	56.2095	56.5732	56.5934
120	56.1171	56.0167	56.195	56.566	56.5555
121	56.1574	55.9893	56.2072	56.5958	56.6311
122	56.1189	56.0261	56.2154	56.572	56.5541
123	56.1433	56.0321	56.2082	56.5587	56.5622
124	56.0786	56.0269	56.1984	56.5792	56.5958
125	56.0985	56.0023	56.2046	56.5605	56.5546
126	56.1197	56.0345	56.2	56.5966	56.6164
127	56.1424	56.0437	56.2365	56.5863	56.6078
128	56.1309	56.0343	56.2218	56.5971	56.6035
129	56.1101	55.9938	56.2119	56.5558	56.5646
130	56.0819	56.0027	56.1583	56.5794	56.5808
131	56.1053	56.0071	56.1861	56.5525	56.5733
132	56.1241	56.0067	56.1837	56.5763	56.5913
133	56.1103	56.0645	56.2292	56.5594	56.6031
134	56.1176	56.0433	56.1991	56.5591	56.5897
135	56.1274	55.9881	56.2274	56.5899	56.599
136	56.1099	56.0346	56.2242	56.5663	56.5482
137	56.1127	56.0299	56.2327	56.602	56.5758
138	56.1035	56.0107	56.1905	56.5607	56.5787
139	56.1159	56.0406	56.2023	56.5821	56.5941
140	56.0954	55.997	56.1936	56.5719	56.59
141	56.1469	56.0226	56.2354	56.5927	56.5835
142	56.1378	55.9919	56.1995	56.5982	56.6252
143	56.1211	56.053	56.2207	56.5883	56.5773
144	56.1036	56.0101	56.1964	56.5499	56.5719
145	56.1109	56.0324	56.2167	56.5699	56.5713
146	56.1421	55.9973	56.18	56.5513	56.566
147	56.1744	56.0113	56.1971	56.6149	56.6081
148	56.1314	56.0548	56.2011	56.5813	56.5882
149	56.0851	56.0457	56.2444	56.5719	56.5972
150	56.0959	56.0011	56.1788	56.5766	56.579
151	56.1107	55.9799	56.1934	56.5449	56.5641
152	56.1248	56.0239	56.1507	56.5933	56.6337
153	56.1597	56.0224	56.2095	56.5809	56.5913
154	56.1152	56.0319	56.2382	56.5341	56.5661
155	56.0729	55.9994	56.2099	56.551	56.5782
156	56.0789	56.0121	56.1837	56.5765	56.5818
157	56.1015	56.0082	56.1941	56.5622	56.5691
158	56.0888	56.0127	56.171	56.5839	56.6064
159	56.1307	56.0502	56.2144	56.5765	56.5681
160	56.1018	56.0463	56.3452	56.5736	56.5874
161	56.1196	56.0681	56.1872	56.6046	56.5608
162	56.1276	56.0211	56.2051	56.5866	56.6013
163	56.1545	56.0309	56.224	56.5541	56.5646
164	56.1421	56.0411	56.1831	56.6022	56.5774
165	56.1245	56.0197	56.2068	56.5802	56.5869
