VOLNUM	fmriSeriesEncode#2Run1_2.bxh	fmriSeriesEncode#2Run2_4.bxh	fmriSeriesEncode#2Run3_6.bxh	fmriSeriesEncode#2Run4_8.bxh	fmriSeriesEncode#2Run5_10.bxh
0	4.76886	4.49783	4.48375	4.66133	4.40841
1	4.68308	3.98255	4.72743	4.44651	4.21731
2	4.88513	3.91702	4.21438	4.81692	4.24325
3	4.83327	4.27155	4.45124	4.86899	4.14118
4	5.0308	4.43496	4.22765	4.92125	4.4422
5	4.81777	4.18354	4.42048	5.21105	4.08546
6	5.00624	4.62351	4.49323	5.24949	4.4297
7	4.75482	4.31482	4.29978	5.2419	3.99912
8	5.05071	4.51888	4.62084	5.16794	4.30422
9	4.95739	4.36024	4.42945	5.24684	4.05716
10	5.12655	4.08833	4.7081	5.11295	4.68106
11	4.73326	4.46179	4.44049	4.77785	4.2548
12	4.58905	4.30532	4.44752	5.09473	4.15959
13	4.1019	4.51265	4.40164	5.04328	4.2823
14	4.42543	3.81369	4.37857	4.91734	3.99628
15	4.4576	4.63561	4.5309	4.98706	3.97486
16	4.36104	4.27761	4.52087	4.62891	3.87866
17	4.11576	4.59374	4.54933	5.1023	4.19531
18	4.21404	4.60769	5.13091	4.64479	3.90474
19	4.26146	4.12237	4.72758	4.85883	3.85921
20	4.31362	4.64763	4.51844	4.89279	4.05304
21	4.1136	4.36453	4.29101	4.61662	3.67725
22	4.01861	5.10801	4.36398	4.69385	4.20143
23	4.57635	4.59159	4.70007	4.47649	4.08267
24	4.25562	4.3354	4.39894	4.65183	3.96615
25	4.69417	4.16016	4.30955	4.72391	3.7393
26	4.20525	4.33092	4.63778	4.93734	4.57415
27	3.94538	4.67751	4.4264	4.77045	4.37454
28	4.01933	4.34263	4.79674	4.84894	4.18641
29	4.19234	4.62596	4.87293	4.60992	4.27286
30	3.89772	4.43818	4.24036	4.18984	4.17604
31	4.16294	4.60286	4.81688	4.47307	4.06975
32	4.34341	4.12964	4.93765	4.38283	3.98536
33	4.27797	4.11493	4.58051	4.11178	4.17035
34	4.56261	3.95941	4.51242	4.20476	4.61465
35	4.38254	4.43313	4.34989	4.25373	4.02266
36	4.7076	4.19402	4.40875	4.02671	4.16925
37	3.90865	4.34168	4.1795	4.40339	4.19855
38	4.56119	4.73668	4.81897	4.21768	4.66806
39	4.28699	4.17507	4.17998	4.1666	3.92437
40	3.76959	4.47361	4.60786	4.04849	3.88113
41	4.34136	3.88513	4.35281	4.20118	4.12186
42	4.00853	4.57102	4.65036	4.33301	4.24615
43	4.39743	4.11914	4.43211	4.08763	4.05947
44	4.88528	4.59665	4.33464	4.85405	4.64937
45	4.6803	4.36993	4.56034	4.0995	4.15808
46	4.36262	4.43407	4.14522	4.00736	4.51352
47	4.79274	4.57293	4.33375	4.11915	4.20042
48	4.5752	4.42048	4.26602	4.43764	4.38257
49	4.68134	4.60096	4.56205	4.11181	3.91697
50	4.32738	4.4444	4.17779	4.02913	4.53009
51	4.27492	4.35391	3.96144	3.95337	3.82015
52	4.25008	4.73244	4.46105	4.10873	4.48522
53	4.59751	4.19539	4.42155	3.98612	4.35305
54	3.87686	4.23463	4.37724	4.06634	3.94708
55	3.97027	4.05575	4.96301	4.1896	3.82117
56	4.04753	4.30213	4.81449	4.22551	3.9111
57	4.08805	4.12984	4.66996	3.90076	4.07724
58	4.28971	3.979	4.27763	4.12075	4.14663
59	4.0104	4.05915	4.16144	3.90366	4.36645
60	4.09896	3.79032	4.6472	4.19686	3.88197
61	4.01383	3.77359	4.0569	4.40291	4.49626
62	4.22127	4.12134	4.34752	4.07725	4.21531
63	4.46263	4.82918	4.45712	4.50702	4.39501
64	4.39659	4.77086	4.23277	3.94645	4.25279
65	4.06829	4.74292	4.22167	4.14174	4.29608
66	4.43269	4.35558	4.21538	4.19671	4.17786
67	4.08931	4.84937	4.24842	4.32525	4.57491
68	4.53769	4.52906	3.72982	4.19661	3.85224
69	3.94744	5.07056	4.36406	4.61441	4.15554
70	4.38204	5.04696	4.82329	4.04714	4.47214
71	4.55603	4.64367	4.54116	4.41568	4.43442
72	4.52122	4.79967	4.13547	3.95278	4.23459
73	4.10664	4.54988	4.29775	4.20922	4.20517
74	4.05078	4.96084	4.72262	4.31479	4.41292
75	4.35825	5.0659	4.07028	4.37467	4.19894
76	3.99211	4.85508	4.26127	3.79966	4.21284
77	4.07817	4.28186	4.24168	4.0863	4.11434
78	3.9576	4.65907	4.27448	4.16243	4.22857
79	4.58492	4.26401	4.19692	4.29776	4.20877
80	3.83094	4.66063	3.84579	3.84663	4.68392
81	4.00616	4.06566	4.12539	3.7382	4.20878
82	3.98937	4.26384	4.26614	3.78517	4.35679
83	3.99281	4.28246	4.21676	4.30447	4.60097
84	4.13508	4.35637	4.41293	4.39155	4.85032
85	4.10222	4.18538	4.09494	4.57795	4.39045
86	4.16997	4.26215	4.57025	4.46985	4.89494
87	4.15833	4.05726	3.78257	4.42945	4.90184
88	4.46426	4.3823	5.00805	4.30766	4.87668
89	5.28516	4.40763	4.25706	4.10324	5.11932
90	4.38458	4.20251	4.50139	4.29342	4.9509
91	4.24608	4.20542	4.57105	3.9876	4.94734
92	4.01067	4.40251	4.36771	4.14134	5.06292
93	4.26141	4.18976	4.06651	4.07691	4.98646
94	4.00337	3.95653	3.89556	4.24086	4.84301
95	4.38608	4.7882	4.04952	4.09718	4.60868
96	4.46446	4.05543	3.99947	4.18681	4.58717
97	4.85004	4.1233	4.05972	4.4388	4.9228
98	4.26472	3.94319	3.99698	3.72033	4.56267
99	4.57362	3.88985	4.18263	4.42889	4.4278
100	4.33212	4.13096	3.88286	3.93415	4.80253
101	4.57091	3.95161	4.26386	4.1552	4.39027
102	4.85888	4.46957	4.64126	3.80408	4.3732
103	4.54607	3.9635	4.57486	4.06463	4.58334
104	4.14328	4.1642	4.86185	4.2191	4.39858
105	4.48588	3.78666	4.84885	4.38715	4.35734
106	4.50969	4.56735	4.81371	4.24193	4.32178
107	4.35879	4.07135	4.93948	4.51884	3.96398
108	4.32642	4.38827	4.81112	4.09491	3.95369
109	3.9545	4.02996	5.02164	3.99522	4.43235
110	4.36138	3.75428	4.89825	3.88628	4.12849
111	4.4918	4.4889	4.81319	3.93708	4.42493
112	4.14702	4.14417	5.02619	4.20155	4.18987
113	4.76716	4.49537	4.65181	3.79795	4.24019
114	4.65842	4.41395	4.88757	4.09195	4.60921
115	4.17566	3.87506	4.46888	4.42998	4.0197
116	4.38088	4.12443	4.85601	4.23427	4.53502
117	4.72296	4.21765	4.21076	4.5947	4.286
118	4.66206	4.30922	4.72208	4.54297	4.21435
119	3.85801	3.88908	4.70748	4.25366	4.06462
120	4.79739	4.48271	4.17082	4.17912	4.5631
121	4.24839	4.24836	5.15308	4.71343	4.72577
122	4.21268	4.53422	5.21375	4.15009	4.15147
123	4.15342	4.22508	4.69306	4.72995	3.98296
124	4.38339	4.05825	4.99609	3.85187	3.9256
125	4.77127	4.28315	4.54621	4.52288	4.10796
126	4.44385	4.05856	4.6963	4.39259	4.28036
127	4.81772	4.67329	4.53523	4.58116	4.7067
128	4.43721	4.15138	4.66285	4.05354	4.37172
129	4.12663	4.43454	4.34779	4.20379	3.85949
130	3.91141	4.14644	4.24187	3.79191	4.06133
131	4.0154	4.16809	4.65332	3.80813	4.24315
132	4.08508	3.96093	4.44687	3.87348	4.0438
133	4.24414	4.38455	4.32401	4.21552	4.14689
134	4.32	4.11962	4.38139	3.85629	4.19292
135	3.93013	4.09451	4.86174	4.08812	4.40394
136	4.40783	4.2771	4.42215	3.92691	4.19689
137	4.14479	4.3802	4.73022	4.12092	4.19115
138	4.58377	4.37461	4.83539	4.14451	4.26082
139	4.2916	3.9905	4.46287	4.31316	4.67799
140	4.5176	4.907	4.51789	4.79674	4.10061
141	4.54667	4.13969	4.11017	4.73211	4.24741
142	4.19638	4.23518	4.62648	4.62512	4.28795
143	4.26811	4.07288	4.13114	4.72669	4.86112
144	4.49602	4.29086	4.51409	4.48383	4.38398
145	4.35406	4.28546	4.1028	4.78896	4.44383
146	4.62579	4.35621	4.4869	4.66097	4.10527
147	4.33975	4.86209	4.33327	4.44761	4.41755
148	4.30947	4.27051	4.41287	4.40924	4.70437
149	4.82175	3.95751	3.98047	4.51618	4.46852
150	4.49423	4.09626	4.27307	4.31159	4.79992
151	4.79862	4.10753	3.82201	4.64307	4.13801
152	4.84612	4.32143	4.36504	4.69503	4.46719
153	4.66768	3.83218	4.61616	4.79995	3.88433
154	4.25686	4.91366	4.63885	4.40801	4.68108
155	4.70138	4.27616	4.42908	4.78259	4.06724
156	4.03657	4.81671	4.50225	4.68369	3.88977
157	4.17613	4.78325	4.10594	4.46638	3.94127
158	4.06979	4.40046	3.78001	4.70435	4.31335
159	4.21389	5.07687	3.99938	4.62908	3.78169
160	4.51933	4.88222	4.10003	4.70875	4.07992
161	4.36943	4.75663	3.99551	4.53351	3.88592
162	4.50529	5.14278	4.01924	4.70726	3.85945
163	4.29928	4.54085	4.39381	4.19904	4.16315
164	4.82813	5.08008	4.53014	4.52759	3.96998
165	4.50235	4.41116	4.3121	4.15758	4.02765
