VOLNUM	fmriSeriesEncode_2Run1_2.bxh	fmriSeriesEncode_2Run2_4.bxh	fmriSeriesEncode_2Run3_6.bxh	fmriSeriesEncode_2Run4_8.bxh	fmriSeriesEncode_2Run5_10.bxh
0	3.3216	3.18133	3.544	3.77781	2.94192
1	3.78189	2.9545	3.46557	3.75678	3.47037
2	3.34883	3.00927	3.03265	3.72118	2.8381
3	3.63488	3.75525	3.37798	3.5639	3.23638
4	3.59091	3.37667	3.30268	3.69612	2.45846
5	3.74636	3.36253	3.75323	3.53981	2.91413
6	3.40495	3.57656	3.57282	3.68959	3.51065
7	3.42856	3.40064	3.63076	3.54784	3.14356
8	3.31866	3.56048	3.5965	3.66821	3.4522
9	3.45342	3.53927	3.9472	3.64457	3.23725
10	3.35875	3.62612	3.80554	3.60303	3.72898
11	3.70307	3.44204	3.21274	3.82345	3.11724
12	3.46429	3.67648	3.78624	3.47692	3.25995
13	3.41349	3.20579	3.89204	3.52458	2.73941
14	3.35087	3.28246	3.58848	3.83209	3.26175
15	3.46069	3.20248	3.85867	3.41675	2.83444
16	3.45958	3.38077	3.73436	3.76232	3.06745
17	3.19665	3.44249	3.60094	3.44228	3.12017
18	3.40493	3.42332	3.20672	3.71816	3.21118
19	3.56584	3.37508	3.2837	3.54353	3.01348
20	3.63126	3.32281	3.61872	3.40338	3.12741
21	3.34251	3.3763	3.51194	3.58705	3.30421
22	3.1369	3.24998	3.66018	3.3926	3.2431
23	2.83825	3.17078	3.08593	3.62658	2.77354
24	3.4094	2.99606	3.35746	3.45237	3.11863
25	3.52502	3.26563	3.81278	4.14755	2.85613
26	3.25191	3.71131	3.12734	3.62569	3.26838
27	3.26022	3.75401	3.4745	3.5037	3.25016
28	3.20416	3.52455	3.65589	3.64844	3.3425
29	3.36301	3.63854	3.32042	3.15587	3.28954
30	3.15039	3.42812	3.46901	3.32047	3.34111
31	3.00788	3.71037	3.61189	3.43585	2.9833
32	3.00541	3.37117	3.42299	3.24014	3.30376
33	3.49062	3.344	3.6469	3.38995	3.25989
34	3.37667	3.28623	3.65058	3.20631	3.93394
35	3.76221	3.39907	3.16149	3.47202	3.02619
36	3.22091	3.47419	3.47064	3.38495	3.36881
37	3.1359	3.6424	3.45824	3.13046	3.06586
38	3.67447	2.72932	3.32047	3.03529	3.18781
39	2.91882	3.2067	3.16245	2.91838	2.62024
40	3.08131	2.95213	3.1482	2.72956	2.71454
41	3.40497	2.95678	3.61291	3.16542	3.26411
42	3.35217	3.25483	3.10496	3.31196	3.27408
43	3.26076	3.33731	3.326	2.63298	3.44497
44	3.09956	3.19243	3.72409	3.63188	3.43044
45	3.15463	3.47684	3.37517	3.60601	3.3284
46	3.27967	3.30447	3.23352	3.09792	3.15138
47	3.60716	3.16996	3.0533	3.02328	2.84578
48	3.28153	3.39318	3.18001	3.65497	3.00636
49	2.96344	3.05885	3.25546	2.93194	3.10147
50	3.23266	3.31991	3.2485	3.33636	2.88555
51	3.25661	3.33167	3.38271	3.34619	2.8971
52	3.11177	3.76582	3.52707	3.35619	3.08842
53	3.37226	3.33551	3.29844	3.19699	3.4756
54	3.00726	3.21262	3.61999	3.39582	3.00475
55	3.20776	3.43879	3.3026	3.67506	2.92899
56	3.45936	3.44762	3.70644	3.56577	3.11535
57	3.71357	3.63976	3.32102	3.21961	3.51386
58	3.58403	3.5064	3.33229	3.58165	2.97513
59	3.34543	3.70204	3.27708	3.36505	3.06773
60	3.33241	3.33316	3.62589	3.62902	2.80625
61	3.49515	3.45778	3.32626	3.25283	3.7125
62	3.33409	3.3277	3.3269	3.51681	2.93617
63	3.7273	3.39514	3.15117	3.01639	3.39812
64	3.13936	3.00647	3.29836	3.11478	2.86214
65	3.14146	3.1906	3.09855	3.24001	3.41179
66	3.23117	3.46364	3.64349	2.37266	2.85039
67	2.1492	3.18395	3.02388	3.32214	3.57741
68	2.78774	3.55045	2.89536	3.49513	3.01552
69	3.22061	3.67097	3.66582	3.43512	3.38759
70	3.19159	3.49694	3.09773	3.5144	3.45512
71	3.55388	3.23772	3.02548	3.08551	3.82782
72	3.5937	3.40443	3.40435	2.96489	2.92885
73	3.3089	3.5695	3.47781	2.66974	2.78389
74	3.17186	3.38556	3.76632	3.25903	3.18379
75	3.50403	3.26873	3.15744	2.81653	2.79974
76	3.11162	3.22039	3.19372	3.08853	2.33925
77	2.88644	2.79913	3.27648	3.4937	3.42649
78	2.53035	3.30263	3.08905	2.45508	3.53127
79	3.48323	3.27303	3.39672	3.07852	3.16829
80	2.66133	3.31971	2.90243	3.26378	3.52042
81	2.79071	3.11551	3.40629	3.20513	3.40767
82	3.2153	3.25996	3.50194	3.44042	3.27647
83	3.20293	3.64331	3.74249	3.44963	4.15415
84	3.41274	3.7669	3.23888	3.81699	3.26072
85	3.19589	3.54756	2.91194	3.81565	3.78286
86	3.5579	3.76133	2.94568	3.49158	3.80969
87	3.44665	3.55692	2.85141	3.47398	3.36138
88	3.61611	3.44243	3.54598	3.37721	3.95947
89	2.40041	3.49584	3.3299	3.32248	3.47313
90	2.87209	3.25984	3.47449	3.44637	3.84949
91	3.21961	3.36007	2.49498	2.81284	3.87186
92	3.19036	3.76058	3.02013	2.33948	3.64225
93	2.97593	3.33943	3.22284	2.73914	3.31615
94	3.33259	3.24148	3.293	2.38369	3.47958
95	3.15383	3.38301	3.21524	3.32817	3.5508
96	3.23419	3.00704	3.02829	3.4824	3.57592
97	3.20754	2.92252	3.20125	3.16775	2.50146
98	3.08505	3.00983	3.15876	3.13162	3.49525
99	3.14752	3.12223	3.22807	3.69178	3.7377
100	3.0991	3.09363	2.91331	3.04477	3.50482
101	3.2979	2.81953	3.42824	3.31315	3.58999
102	3.41026	3.08041	3.93499	3.17447	3.43029
103	3.0588	3.33447	4.42139	3.09564	3.31172
104	2.76972	3.36062	3.90556	3.57724	3.66965
105	3.11226	2.93006	4.11732	3.06843	3.50329
106	3.42763	3.16417	4.18487	3.43301	3.18757
107	3.038	3.39858	3.53253	3.26566	3.4156
108	3.06725	3.45478	4.16315	3.07013	2.87649
109	3.20802	3.02354	3.88435	2.78639	3.23898
110	3.74275	3.20431	3.89066	2.52529	3.43053
111	3.18965	3.09458	4.54263	3.10382	3.40379
112	3.35145	3.45937	3.49337	3.22399	3.20962
113	3.77464	3.19128	3.99262	3.08539	3.5016
114	3.51632	3.38173	3.4662	3.1352	3.1374
115	3.42809	3.24965	3.22856	3.07891	3.10634
116	3.13311	3.54714	3.29254	3.13033	3.10991
117	4.24069	3.46962	3.2018	3.28484	3.46892
118	3.44535	3.31298	3.19187	3.54387	3.17043
119	3.29855	2.86878	3.77345	2.93713	3.23327
120	3.21433	2.89348	3.70932	3.05022	2.96643
121	3.11123	2.97608	2.72987	2.78359	3.43094
122	2.93127	3.12399	3.83621	3.14068	2.89337
123	2.76184	3.29572	3.67535	3.30522	3.07374
124	3.58751	3.43393	3.48996	3.07964	2.60011
125	3.02602	3.15475	3.37248	2.84215	3.33597
126	3.27821	2.49684	3.14985	2.60555	3.09641
127	3.53665	3.33371	3.28705	2.98415	3.60656
128	3.17359	3.47796	3.23529	3.15041	3.33881
129	2.12901	3.57907	3.60171	2.73868	3.23067
130	2.74008	3.17835	3.07904	3.06621	3.19597
131	2.37724	2.98749	3.51726	3.07167	3.58381
132	2.67226	3.13733	3.24476	3.02114	3.23579
133	2.47767	3.67347	3.59455	3.08501	3.31329
134	3.53197	3.02819	4.07489	3.09197	3.05235
135	3.23315	3.11205	3.69392	3.3144	3.33454
136	3.31136	3.42049	4.10124	3.13448	3.2011
137	3.58967	3.49731	4.22691	3.30635	3.14779
138	3.41747	3.3075	3.93575	3.15413	3.67636
139	3.65336	3.17236	3.63454	3.51801	2.86621
140	3.82106	3.27586	3.68617	3.21618	2.49329
141	3.52726	3.08065	3.37505	3.86249	3.62299
142	2.99097	3.32968	3.00735	3.98616	3.46909
143	3.38589	3.08643	2.8929	3.35398	3.89045
144	3.15079	3.37866	2.69292	3.66818	3.18759
145	3.44026	3.28936	3.16677	3.63869	3.04333
146	3.50747	3.17002	3.10188	3.96487	3.59286
147	3.04388	3.11701	3.51526	3.58738	3.35257
148	2.94831	3.18664	3.17546	3.64704	3.20554
149	3.73682	2.76419	3.29125	3.7235	3.6561
150	3.56988	3.39345	3.44223	3.58642	3.36372
151	3.58626	3.20469	3.33741	3.76769	3.34081
152	3.86863	3.43052	3.32352	3.32528	2.99799
153	3.39773	3.09513	2.9218	3.23476	3.24555
154	3.17329	3.14415	3.6563	3.69214	3.482
155	3.11175	3.52006	3.40341	3.3272	3.01436
156	3.30712	3.59474	2.73941	3.33077	3.1443
157	3.49912	3.56004	2.86882	3.25546	3.05591
158	3.31958	3.7787	2.77296	3.19265	3.35197
159	3.31056	3.40449	2.83363	3.20926	2.90806
160	3.3892	3.62143	3.71138	3.09736	3.00039
161	3.65484	4.05075	3.43209	3.43925	3.2037
162	3.29105	3.42247	3.45377	2.95812	3.22675
163	3.51452	3.31991	3.73107	3.22421	3.60849
164	3.57149	3.2206	4.01151	3.24743	3.11403
165	3.78496	3.43683	3.76363	3.37512	3.44107
