# Overall Threshold 1: [ -6.78037690623029 6.77666109376969 ]
# Overall Threshold 2: [ -13.5588959062303 13.5551800937697 ]
VOLNUM	fmriSeriesEncode#2Run1_2.bxh	fmriSeriesEncode#2Run2_4.bxh	fmriSeriesEncode#2Run3_6.bxh	fmriSeriesEncode#2Run4_8.bxh	fmriSeriesEncode#2Run5_10.bxh
0	-2.00541	-1.58296	-3.79306	-2.43706	-1.98944
1	-0.451651	-1.24923	4.23893	0.433687	1.77076
2	-0.0686422	-1.09115	-1.2009	-0.643862	-0.0596031
3	0.54964	-0.468205	-1.00159	-0.614596	-2.35198
4	0.304808	1.62132	0.0895341	0.623148	-0.951375
5	-0.576826	0.152863	-2.71683	-1.53502	2.42719
6	0.424465	1.88984	2.12318	1.11045	0.761894
7	1.2763	0.364427	0.987068	1.21836	3.0419
8	0.699079	-0.514273	-0.0113861	0.448048	-1.04791
9	-0.7869	1.4186	-0.142301	1.53552	-0.84683
10	-0.961308	-0.755485	-0.631414	1.95688	-1.76926
11	1.42938	1.39314	1.953	-4.66461	0.0270159
12	1.55644	-0.278079	2.32798	3.96711	0.13857
13	0.666636	0.352099	0.151427	1.11277	2.32002
14	-1.31533	-0.423724	-0.872696	-0.262787	-1.55112
15	0.481157	0.296404	-0.383679	-0.934388	1.48536
16	-0.0190875	-0.914291	0.767056	-1.58835	-2.16368
17	0.717773	-0.00663739	-3.58876	2.63778	0.419671
18	0.750919	0.233449	5.21991	-5.31151	0.379209
19	-0.551901	-1.0426	-0.505714	5.94644	0.224029
20	-1.57703	0.890716	-2.83178	-2.35523	-1.15838
21	0.728963	-1.16645	0.0800348	-0.88253	0.262069
22	-2.97124	-0.0380482	-0.902778	-1.06036	-0.198524
23	2.57641	-1.35978	0.743147	5.71027	1.95083
24	-3.61481	4.18824	-1.37849	-1.71267	-1.25071
25	2.20773	0.964426	0.228939	-3.41766	-0.51913
26	1.76954	-1.5195	-0.584068	1.15039	0.395012
27	0.840531	-0.0442918	0.119979	-4.34627	1.08385
28	-1.14795	-1.54577	-0.0499356	0.620381	1.21923
29	-2.14498	-0.722501	-0.167414	3.32101	-0.558014
30	-0.778406	0.878557	-0.243338	-0.480527	-0.492064
31	1.17305	-1.34194	0.96855	0.0665479	-1.14803
32	-2.32747	1.32283	0.811715	0.765424	0.123141
33	0.510633	-2.27337	0.656721	-1.38743	-0.590509
34	-0.464213	2.38982	1.35388	0.742794	-1.11173
35	4.03921	-2.31316	-0.760204	-0.560764	1.45373
36	-0.142702	0.718738	-0.405934	-1.25616	-0.0415952
37	-2.27758	-0.466012	0.280071	2.2992	-0.999974
38	1.36268	2.13073	0.208798	0.733086	0.933682
39	-0.189232	0.056887	-1.23625	-0.828715	-0.601133
40	1.48819	1.43351	1.28754	-2.23111	0.543518
41	0.661143	-1.32674	-1.32323	1.45838	1.35259
42	0.950404	1.16406	-1.99779	2.34842	-1.09136
43	-3.80874	-1.74297	2.83352	-4.07861	-0.531535
44	1.99031	2.68835	0.692981	2.7408	2.56786
45	4.88409	-0.794118	0.271642	3.04921	-0.635098
46	-4.71251	-0.317873	-1.21897	-0.419555	-0.923332
47	-1.42859	-1.12459	-0.900953	-0.500341	-2.56227
48	1.1106	-2.21286	-0.662254	-3.14122	1.68088
49	1.14124	4.13771	0.295993	0.756475	0.364939
50	-1.96633	-1.50889	-0.223554	1.14358	2.78471
51	0.78371	0.149528	-0.628242	-1.46442	-0.975495
52	-0.0166328	-1.52065	-0.462405	-0.277766	-1.32224
53	-1.48585	0.739435	0.575773	-0.21138	-0.971956
54	-1.07583	-0.650712	0.851285	-0.727229	-0.315127
55	-0.22083	-1.13198	-1.52092	-0.176014	-0.110273
56	-0.263876	-0.669879	1.65923	-0.952845	-0.306263
57	-0.259815	0.305202	2.19133	1.09289	1.23675
58	0.356968	0.648483	0.182511	-0.771972	1.43533
59	0.752532	0.225861	-0.658336	0.418762	0.812528
60	0.543425	-0.212627	-1.54551	1.39226	-2.07917
61	0.133672	0.395999	0.893765	0.994622	-0.771582
62	-0.278559	0.948492	-0.644875	0.70658	0.587004
63	0.618466	-3.16775	1.95244	-0.761982	-1.13401
64	1.99393	5.97679	0.439136	-0.536646	2.29131
65	0.906606	1.83407	-1.54245	0.881962	0.322868
66	-1.50027	-0.990866	-0.710418	1.73739	-5.66217
67	-2.35418	-0.473923	1.01234	0.0879619	2.31521
68	-0.442719	-2.21039	0.294447	-1.38148	1.75656
69	5.50234	0.501604	-4.09136	-0.887792	2.47625
70	-0.0454255	-2.10647	0.581101	0.202042	-0.505928
71	-3.23392	-0.428316	2.41446	-0.0967394	0.968902
72	0.832833	3.48855	0.769964	-0.043787	-2.50398
73	1.41064	0.392278	-0.536032	-3.58554	-0.885458
74	-0.980338	-3.67888	-0.805287	1.68393	-0.969379
75	-0.826002	0.923597	-1.30651	1.98102	0.63545
76	-0.541871	-0.48749	0.747554	0.886395	3.55095
77	0.448501	-0.530425	-0.00249086	-1.06296	0.813475
78	-0.811186	1.78094	-0.800593	-3.5228	-1.33114
79	0.258403	-0.803826	-0.17008	1.64647	-2.09988
80	-1.19187	-0.159598	0.48137	2.12229	-1.32134
81	-0.311766	-1.4305	0.352894	-0.704345	0.487552
82	-0.287325	-1.0874	-0.142835	-2.27798	-0.430226
83	-0.852289	-0.474814	2.79668	-0.0220456	0.870412
84	0.403496	0.644783	1.31941	0.367939	-0.133709
85	-0.41201	1.40599	-0.722312	0.256463	0.0872792
86	-0.304205	-0.590961	-0.536404	1.40373	-0.632315
87	-0.35488	0.492865	-1.91234	1.36032	1.82165
88	1.52372	1.10631	0.385633	0.708612	-0.677381
89	1.36814	1.24904	0.641993	0.783733	-0.594003
90	1.82644	1.06671	-1.50619	-0.0389387	1.05407
91	-1.56343	0.0660369	-0.206688	-1.79727	-6.29462
92	1.57537	-1.41947	1.38021	-0.963581	6.47058
93	0.676213	1.77646	0.761662	-0.351672	-0.0189478
94	0.694453	-0.847719	-0.812077	3.28317	-0.6443
95	-1.11469	0.786781	1.12494	-0.179898	2.0762
96	-1.05716	-2.96098	-1.07234	-2.30287	-1.17256
97	0.107648	1.89512	-0.714423	-0.887137	0.100783
98	1.56723	-0.0589999	-0.20607	0.993228	1.45654
99	0.598839	-0.0604459	-0.444265	-0.409487	-1.49683
100	0.493718	-0.159191	0.276662	-0.729566	-0.348985
101	-3.2905	-0.00281781	-0.651529	1.1472	2.42707
102	-0.897124	-1.304	-1.11057	-1.89835	-0.453401
103	-0.718629	-0.282499	1.05245	-0.960434	-0.261381
104	0.826311	-1.1303	1.17169	0.820561	-3.41265
105	0.226231	0.417251	0.176703	0.53619	1.00546
106	-0.450358	-1.38802	-0.822191	0.93861	0.543142
107	-0.361992	0.491962	0.333314	0.473387	-2.83211
108	-0.31493	1.05679	-2.10796	1.01324	-2.70851
109	-1.09887	0.258238	3.40706	-1.0169	1.42857
110	-0.654347	-0.642977	-0.495059	0.0623392	2.59152
111	0.46622	-0.784048	-1.09705	-1.63644	2.12443
112	0.11714	0.501601	0.988579	-0.609905	-1.07563
113	0.556587	2.29529	0.518002	0.635905	0.606006
114	0.176252	0.183288	0.107631	0.426549	0.199258
115	2.2717	-0.2491	-3.79471	1.60566	-2.64118
116	1.30655	0.814375	6.41869	1.66245	3.60991
117	0.824749	-0.641102	-1.5964	-0.500213	-1.53995
118	-0.886552	0.610034	-1.04124	-1.75427	1.24692
119	-1.08404	-0.415912	1.8215	1.99607	-0.505581
120	1.41538	0.370182	-0.248661	-2.79027	-1.13764
121	-4.16248	-3.79304	-2.59093	3.09399	-1.44196
122	3.43969	3.64238	1.72614	-2.3824	1.62788
123	3.37924	0.0956768	0.599151	0.754564	0.298452
124	-0.0964456	1.35088	-0.707976	-1.41626	1.1224
125	-0.962365	-2.27763	-2.24202	1.12118	0.211521
126	-0.494243	-1.468	0.424871	-1.24207	-1.14649
127	-3.39479	2.359	-0.0193548	2.08492	1.06118
128	-1.66224	0.442401	-0.339114	-2.43007	0.355916
129	0.234619	-0.232923	-4.14618	0.285898	0.0634689
130	-0.384853	-3.9485	-1.36004	-0.519765	-0.926207
131	1.82552	1.75811	1.89786	-0.27666	-2.49009
132	-2.07718	1.14852	-0.0426843	1.9396	0.518763
133	0.553209	-0.429093	3.28954	-0.558179	-1.7392
134	0.861441	0.52492	2.14635	0.937908	-0.439614
135	1.39623	0.195384	0.35476	-1.31482	1.24474
136	-1.09312	-2.32489	0.764556	-0.0816271	1.59807
137	-2.07432	-1.11824	0.461593	-0.0193891	-0.273013
138	0.714062	0.647989	-1.23409	-0.599006	0.224522
139	-0.431922	0.816983	-1.83912	0.920364	0.773582
140	0.904299	0.577836	2.03347	-0.161942	1.27977
141	1.12823	0.760502	-0.245958	0.0405264	0.989422
142	1.59578	0.051816	-0.118885	1.71597	-2.89915
143	0.699289	1.06835	-0.00686478	-2.15064	1.81977
144	0.415863	0.425792	0.528663	-1.36451	-2.36979
145	-2.82513	-1.84151	-1.47904	3.75445	1.11148
146	-1.80696	-4.39836	0.203674	0.0111462	0.0933589
147	2.9603	5.42795	-1.61296	1.26498	-0.495754
148	0.287643	2.33598	0.473809	-0.0205471	1.9821
149	5.62848	-0.456976	1.79032	-1.70143	-2.86986
150	-2.98103	-2.28962	-0.820311	-2.10297	1.12712
151	-1.77585	-0.230548	0.400848	1.77454	-0.813859
152	-1.67838	0.890071	-0.183472	-1.65665	0.356294
153	-0.24115	0.205727	-1.8767	2.99689	-1.28748
154	0.308286	0.194869	3.35869	-2.92435	1.99114
155	-0.0459968	-0.273407	-6.71257	-0.243571	-1.1059
156	-0.187215	0.156744	0.364925	2.58453	-1.29062
157	-0.821361	-0.269334	-0.0850875	-5.17202	2.41778
158	-0.0473473	-2.1663	1.52257	2.42005	0.271379
159	0.208894	-0.675044	4.60572	0.585961	0.770828
160	-0.935495	2.30406	1.75268	2.55413	-0.161022
161	-0.3407	-1.21772	0.948045	-1.95893	-1.15097
162	0.208709	-0.260959	-0.467553	2.39199	0.373958
163	0.302384	-2.54177	-2.60683	-2.24779	-1.38422
164	0.726707	2.72872	-1.06638	-0.170815	1.00895
