VOLNUM	fmriSeriesEncode_2Run1_2.bxh	fmriSeriesEncode_2Run2_4.bxh	fmriSeriesEncode_2Run3_6.bxh	fmriSeriesEncode_2Run4_8.bxh	fmriSeriesEncode_2Run5_10.bxh
0	53.0942	52.945	53.0667	53.3256	53.4074
1	53.097	52.9176	53.124	53.3707	53.4171
2	53.059	52.9388	53.042	53.3348	53.4065
3	53.0629	52.9138	53.1118	53.3731	53.3678
4	53.0659	52.8844	53.0323	53.3493	53.4215
5	53.1044	52.9102	53.0945	53.2628	53.3727
6	53.0769	52.9078	53.0116	53.2924	53.4686
7	53.0935	52.992	53.0493	53.263	53.4224
8	53.0443	52.9401	53.0044	53.2825	53.3995
9	53.0336	52.9589	53.0614	53.2548	53.4219
10	53.0412	52.9806	53.0064	53.3019	53.392
11	53.0758	52.9666	53.0779	53.393	53.3924
12	53.1161	53.0258	53.0741	53.3314	53.3903
13	53.1033	52.9445	53.0803	53.3079	53.4653
14	53.1385	52.992	53.1096	53.3385	53.4068
15	53.0739	52.9341	53.0349	53.341	53.4248
16	53.1086	52.9521	53.0802	53.3538	53.3903
17	53.1717	52.9394	53.0432	53.1836	53.4627
18	53.1665	52.9535	53.1157	53.3171	53.4119
19	53.1564	52.9587	53.1734	53.2299	53.4029
20	53.0805	52.9139	53.1065	53.2304	53.3493
21	53.1081	52.9163	53.1232	53.2315	53.3938
22	53.0794	52.8335	53.0424	53.4465	53.3894
23	53.1737	52.8933	53.1431	53.3973	53.4888
24	53.1099	52.9317	53.1278	53.4309	53.4075
25	53.0484	53.0069	53.1234	53.438	53.4047
26	53.086	52.9416	53.0092	53.4075	53.3426
27	53.0784	53.0189	53.0137	53.3975	53.3723
28	53.1107	52.9532	53.0022	53.3097	53.3856
29	53.0789	53.021	52.9968	53.3703	53.4677
30	53.0959	52.9469	53.0528	53.2643	53.4132
31	53.0853	52.9925	52.993	53.3173	53.4334
32	53.0704	52.9394	53.0043	53.2682	53.4016
33	53.032	52.9363	53.0399	53.2542	53.455
34	53.0739	52.8986	53.0893	53.2824	53.4183
35	53.0738	52.9795	53.0058	53.2647	53.3997
36	53.0864	52.9081	53.0537	53.2867	53.3916
37	53.129	52.9434	53.0718	53.3372	53.3878
38	53.142	52.9814	53.1536	53.3019	53.5085
39	53.0426	52.9404	53.041	53.3009	53.3644
40	53.087	52.9486	53.1288	53.236	53.3906
41	53.0239	52.8973	53.0508	53.3105	53.3317
42	53.03	52.9546	53.1206	53.3865	53.3897
43	53.0996	52.9128	53.1073	53.3201	53.3885
44	53.1458	53.0064	53.1506	53.3811	53.4802
45	53.2323	52.917	53.1505	53.3135	53.3926
46	53.1236	52.9687	53.0693	53.3095	53.4109
47	53.1502	52.8943	53.0974	53.3557	53.3756
48	53.1721	52.9764	53.0792	53.3081	53.4166
49	53.1465	52.9693	53.1351	53.3481	53.4274
50	53.1009	52.9887	53.0578	53.3396	53.5077
51	53.0816	52.9816	53.0294	53.3403	53.3895
52	53.1044	52.9578	53.0392	53.3552	53.449
53	53.072	52.9739	52.9989	53.3149	53.4106
54	53.0689	52.9427	52.9957	53.3039	53.3877
55	53.0507	52.9366	52.9938	53.331	53.3737
56	53.0435	52.9713	53.0101	53.3184	53.3861
57	53.0751	52.9343	53.0212	53.3159	53.4353
58	53.0699	52.9026	53.0668	53.3043	53.4236
59	53.089	52.9186	53.095	53.3371	53.4655
60	53.0641	52.9163	53.049	53.3202	53.4006
61	53.0856	52.8878	53.1101	53.2771	53.4115
62	53.0728	52.8749	53.0214	53.3153	53.3476
63	53.0851	53.0266	53.1457	53.2678	53.3463
64	53.1346	52.9514	53.0451	53.2967	53.4195
65	53.0939	52.9929	53.1063	53.3262	53.4467
66	53.1153	52.9264	53.0679	53.3471	53.3704
67	53.0615	52.95	53.0498	53.2829	53.4246
68	53.0965	52.9019	53.0773	53.3333	53.436
69	53.096	52.9673	53.0939	53.3817	53.3715
70	53.1635	53.0312	53.195	53.3192	53.3415
71	53.1197	52.915	53.1418	53.379	53.3844
72	53.1142	52.9789	53.0959	53.3087	53.3528
73	53.0828	52.9321	53.0875	53.308	53.4047
74	53.1283	52.983	53.0519	53.2727	53.489
75	53.1485	53.0218	53.0844	53.3599	53.3672
76	53.0684	52.9818	53.0327	53.3431	53.486
77	53.1109	52.9268	53.0182	53.3673	53.4105
78	53.0936	52.9797	53.0988	53.3128	53.469
79	53.1279	52.9172	53.0203	53.3708	53.4071
80	53.0566	52.9675	53.0388	53.2993	53.4857
81	53.1146	52.9191	52.9973	53.3153	53.4384
82	53.0993	52.9167	53.0172	53.3312	53.492
83	53.1184	52.9361	53.0182	53.2744	53.4837
84	53.096	52.9229	53.0969	53.2607	53.3885
85	53.0717	52.9285	53.0307	53.2844	53.4737
86	53.0658	52.9202	53.0942	53.279	53.3969
87	53.062	52.9318	53.0469	53.2718	53.333
88	53.0496	52.8826	53.0962	53.3096	53.3579
89	53.0355	52.926	53.056	53.3277	53.295
90	53.0862	52.9672	53.0904	53.3601	53.3452
91	53.127	52.9803	53.0626	53.3253	53.3415
92	53.0262	52.95	53.0486	53.3745	53.3307
93	53.1002	52.9381	53.09	53.2969	53.277
94	53.0826	52.9203	53.0982	53.3837	53.3629
95	53.1283	53.03	53.0844	53.2868	53.4166
96	53.1047	52.9662	53.1028	53.3695	53.48
97	53.1713	52.9464	53.0705	53.3168	53.4736
98	53.1143	53.0164	53.147	53.322	53.45
99	53.1435	52.93	53.0935	53.3824	53.4993
100	53.0745	53.0026	53.1398	53.3623	53.4935
101	53.1172	52.9308	53.0818	53.3937	53.4136
102	53.1567	52.9774	53.0794	53.311	53.4967
103	53.1328	52.953	53.089	53.2951	53.4572
104	53.0841	52.976	53.0734	53.3113	53.4444
105	53.1708	52.9526	53.0931	53.2612	53.4453
106	53.0959	52.863	53.0754	53.2409	53.4083
107	53.0973	52.9419	52.9905	53.2767	53.3805
108	53.065	52.9322	53.0394	53.3189	53.3859
109	53.0837	52.9328	52.9896	53.2882	53.3587
110	53.0733	52.9324	53.0354	53.3256	53.3968
111	53.0297	52.897	53.0316	53.2992	53.339
112	53.0414	52.9495	52.9265	53.3658	53.3464
113	53.0437	52.9201	53.0281	53.2991	53.3546
114	53.045	52.9325	52.9534	53.3148	53.2807
115	53.069	52.9869	53.0305	53.3784	53.378
116	53.1702	53.001	53.1457	53.3002	53.5141
117	53.0967	52.9595	53.0565	53.3654	53.4302
118	53.0268	52.9218	53.1294	53.3152	53.4474
119	53.107	52.965	53.1033	53.3179	53.3719
120	53.0104	52.8867	53.1063	53.2885	53.4787
121	53.1545	53.0114	53.1178	53.3852	53.4468
122	53.115	52.8977	53.1872	53.2914	53.484
123	53.1444	52.9474	53.1719	53.3575	53.4072
124	53.1963	52.9797	53.1569	53.2932	53.4645
125	53.0726	52.9381	53.0619	53.2975	53.3794
126	53.1113	52.9773	53.0936	53.2929	53.3592
127	53.2056	53.0467	53.0864	53.3736	53.3432
128	53.1791	52.9697	53.1496	53.3038	53.4145
129	53.0715	52.9644	53.0273	53.3371	53.4343
130	53.1293	52.9752	53.0515	53.3051	53.4715
131	53.0666	52.9054	52.9961	53.342	53.4207
132	53.1107	52.9767	52.9761	53.3263	53.4029
133	53.0911	52.901	52.9972	53.2888	53.446
134	53.0694	52.9949	53.0667	53.369	53.3844
135	53.0618	52.9247	53.0058	53.3328	53.428
136	53.0425	52.93	53.0623	53.3211	53.3745
137	53.0857	52.8922	53.0126	53.3442	53.3678
138	53.0255	52.8722	53.0107	53.3781	53.3804
139	53.0377	52.8852	53.0392	53.3552	53.2747
140	53.0509	52.831	53.1078	53.2654	53.3726
141	53.0302	52.9169	53.0675	53.3054	53.4017
142	53.1387	53.0047	53.136	53.2872	53.4526
143	53.1009	52.9749	53.0554	53.2751	53.5142
144	53.1221	52.9776	53.1437	53.3282	53.3735
145	53.106	52.964	53.0601	53.2754	53.409
146	53.072	52.9415	53.1408	53.2814	53.352
147	53.0737	52.9468	53.0465	53.2394	53.435
148	53.1259	53.0503	53.1489	53.3068	53.4908
149	53.2287	52.9784	53.0284	53.3007	53.4348
150	53.0941	52.9771	53.0299	53.346	53.4724
151	53.1428	52.9754	53.0591	53.3726	53.3965
152	53.08	53.0314	52.9921	53.3509	53.4513
153	53.19	53.0044	53.146	53.4014	53.405
154	53.072	52.8952	53.0566	53.3277	53.4582
155	53.1244	52.9913	53.1153	53.3531	53.3991
156	53.1028	52.9312	53.076	53.3305	53.3953
157	53.1121	52.9189	53.0866	53.3025	53.376
158	53.1031	52.9634	53.0182	53.2802	53.3486
159	53.0597	52.8791	53.1086	53.3532	53.4503
160	53.0818	52.9325	53.0704	53.3661	53.3842
161	53.086	52.9241	53.0841	53.3428	53.3683
162	53.0358	52.8687	53.0189	53.3526	53.3877
163	53.0442	52.9393	53.0722	53.2943	53.4143
164	53.0442	52.8422	53.0694	53.3693	53.3665
165	53.081	52.9386	53.0629	53.3018	53.4043
