VOLNUM	fmriSeriesEncode#1Run1_3.bxh	fmriSeriesEncode#1Run2_5.bxh	fmriSeriesEncode#1Run3_7.bxh	fmriSeriesEncode#1Run4_9.bxh	fmriSeriesEncode#1Run5_11.bxh
0	770.33	768.501	764.312	762.225	758.999
1	770.567	767.409	763.462	762.749	758.608
2	773.414	766.983	761.603	762.054	758.926
3	773.232	767.416	760.541	761.116	758.572
4	773.217	768.073	761.294	760.954	758.01
5	772.589	768.653	763.685	760.113	759.2
6	771.664	767.61	764.957	757.435	759.743
7	770.02	765.891	765.419	760.796	761.155
8	771.591	765.294	765.592	762.534	758.818
9	771.294	766.386	766.907	765.069	757.525
10	772.68	767.96	766.755	763.033	756.275
11	754.899	767.365	766.829	761.381	757.89
12	765.513	767.943	760.982	762.223	761.029
13	766.73	770.009	764.743	765.65	761.189
14	770.068	772.396	765.921	767.234	761.798
15	770.855	772.772	765.291	765.742	761.217
16	770.618	772.291	764.421	765.611	759.513
17	763.501	770.535	764.55	763.212	756.419
18	766.377	770.197	766.502	764.499	759.913
19	771.65	770.297	766.274	764.336	759.531
20	774.232	770.805	766.229	764.974	760.103
21	774.57	769.287	765.402	763.948	759.717
22	775.47	771.284	763.778	758.541	755.814
23	771.377	767.525	764.832	756.97	759.135
24	772.304	768.081	765.681	757.896	759.626
25	771.238	767.22	764.625	758.31	760.77
26	770.738	766.524	763.352	759.287	759.75
27	770.091	765.88	763.755	759.674	759.846
28	770.256	765.687	763.084	764.222	757.951
29	769.527	765.525	761.391	766.463	758.738
30	768.834	765.935	761.14	765.229	758.373
31	768.601	766.965	762.601	761.917	757.42
32	767.783	767.532	762.517	761.264	756.944
33	769.23	767.161	762.731	763.815	757.533
34	769.395	765.04	764.102	762.177	757.365
35	768.702	770.104	764.293	762.175	758.176
36	767.856	772.413	763.45	763.621	760.129
37	769.234	772.338	764.602	765.119	757.573
38	761.103	772.846	765.298	762.584	760.212
39	763.157	773.137	768.136	764.362	760.686
40	769.308	772.633	769.491	766.292	762.651
41	771.383	772.227	769.199	765.472	762.173
42	772.375	771.945	770.613	764.575	762.103
43	772.295	767.101	769.031	765.813	761.703
44	773.016	764.369	769.709	762.331	761.214
45	775.365	766.038	769.827	761.799	759.896
46	775.118	767.211	770.549	761.656	758.996
47	773.646	768.76	769.507	762.039	757.694
48	771.746	765.001	735.728	757.617	757.95
49	770.625	766.376	771.468	759.165	757.934
50	771.107	768.34	749.745	758.395	757.981
51	769.662	768.263	761.27	760.835	754.155
52	767.612	771.842	763.125	762.45	754.644
53	766.182	772.719	764.031	762.762	757.151
54	766.71	770.808	765.51	762.841	760.382
55	767.299	769.167	764.676	762.945	761.097
56	766.936	766.754	765.138	762.158	760.315
57	766.217	764.882	765.475	761.629	760.936
58	768.632	764.825	765.225	762.898	760.351
59	770.394	766.473	764.543	763.816	759.053
60	770.707	767.592	764.069	763.712	758.064
61	770.616	768.782	764.436	763.499	756.373
62	770.275	769.215	764.977	763.178	757.278
63	769.341	769.92	765.012	762.058	758.909
64	769.561	770.099	767.5	762.095	760.543
65	770.765	769.722	766.52	764.67	761.39
66	772.669	770.824	767.187	766.098	761.804
67	772.382	771.031	768.179	765.959	762.323
68	770.841	770.298	768.741	766.464	762.561
69	770.092	769.221	767.542	764.573	760.622
70	768.412	769.921	766.977	758.58	759.677
71	770.698	768.691	763.679	761.548	758.562
72	770.415	769.638	762.221	761.757	757.918
73	769.865	770.355	763.399	763.032	757.152
74	765.17	769.7	764.095	762.809	756.363
75	771.285	767.819	764.53	761.339	756.249
76	768.441	767.426	762.518	760.912	758.074
77	770.472	767.194	759.732	761.716	758.463
78	770.855	767.879	762.17	762.44	757.501
79	768.893	766.842	764.947	762.515	757.565
80	771.176	766.626	765.546	761.622	759.224
81	771.033	768.012	764.159	762.163	759.778
82	771.339	768.444	762.383	761.675	760.01
83	770.446	768.47	761.687	760.318	760.764
84	769.8	768.097	761.764	761.287	762.239
85	769.914	768.895	762.416	761.752	763.368
86	769.384	768.976	762.439	760.932	758.428
87	768.538	769.156	763.277	761.984	759.188
88	769.267	768.422	768.02	762.602	760.131
89	770.33	765.459	770.102	762.243	753.869
90	762.211	766.623	768.405	761.556	757.01
91	766.591	767.64	767.203	764.893	760.013
92	769.902	770.444	767.988	765.426	761.492
93	770.487	771.576	767.681	767.082	760.703
94	771.18	771.293	767.632	767.705	760.173
95	771.814	771.251	765.921	765.857	757.648
96	772.354	770.581	763.986	764.028	756.939
97	771.667	771.177	763.072	763.556	759.137
98	770.95	771.451	763.536	763.954	760.397
99	769.535	771.168	761.849	762.179	759.609
100	770.05	769.396	762.376	761.967	759.046
101	769.46	768.223	762.771	759.474	758.344
102	770.74	766.467	762.879	759.379	759.581
103	769.89	767.409	764.57	760.14	759.411
104	770.016	767.275	764.09	761.501	758.46
105	770.273	767.575	764.494	762.292	759.513
106	771.073	767.741	764.009	761.463	759.555
107	770.188	767.283	763.468	761.843	758.627
108	768.844	767.007	763.334	761.639	758.853
109	769.025	767.422	764.094	760.263	759.379
110	770.203	767.397	766.088	761.215	759.242
111	769.651	766.103	766.363	761.805	758.451
112	769.536	762.05	765.896	762.35	758.922
113	770.02	769.199	765.574	762.634	760.047
114	771.546	768.502	765.959	764.651	760.277
115	772.288	769.572	766.688	764.798	757.975
116	755.865	771.023	764.662	763.309	758.205
117	770.28	772.302	764.089	762.682	758.695
118	764.524	772.279	762.355	764.978	760.69
119	772.13	771.594	762.852	766.06	760.805
120	773.821	771.246	764.636	761.532	763.086
121	772.451	770.086	765.314	762.568	750.253
122	770.128	769.619	764.305	762.861	759.515
123	771.273	769.75	765.317	761.153	759.023
124	771.117	768.828	764.276	764.97	759.897
125	770.01	770.146	764.191	765.325	759.925
126	769.258	769.863	764.573	765.148	757.21
127	769.739	764.846	764.434	758.12	758.237
128	771.171	767.414	765.534	762.615	758.87
129	771.17	768.358	765.297	762.651	760.478
130	770.58	768.849	765.347	762.806	764.453
131	770.673	768.966	766.115	763.372	767.612
132	770.926	768.297	765.534	762.921	764.869
133	769.85	766.671	764.699	763.245	758.453
134	769.217	766.439	764.349	762.915	755.194
135	769.451	766.668	764.239	761.839	754.216
136	770.275	767.364	763.531	761.25	755.318
137	769.972	767.146	763.425	759.814	756.253
138	767.866	767.436	764.532	759.485	756.014
139	767.612	768.79	764.209	760.185	756.148
140	768.464	769.098	763.932	762.093	756.395
141	770.345	769.197	764.107	762.529	755.913
142	764.704	768.65	763.256	764.482	754.71
143	764.531	768.282	764.992	762.575	762.239
144	769.378	770.757	765.967	765.179	767.431
145	772.412	771.775	765.693	766.132	766.468
146	773.809	772.283	764.47	766.03	763.467
147	770.969	772.165	763.417	735.001	759.572
148	775.667	770.488	764.273	771.578	757.49
149	773.368	769.115	765.261	761.243	757.813
150	769.95	769.477	765.042	759.968	758.044
151	768.236	768.648	764.658	765.808	759.383
152	767.108	768.381	764.396	767.683	760.383
153	766.913	762.479	764.337	768.188	760.67
154	763.423	767.45	766.238	767.921	757.489
155	766.059	768.191	766.43	766.72	759.293
156	772.046	768.332	766.022	767.442	759.925
157	774.664	767.636	765.413	765.282	759.485
158	775.088	767.602	764.714	765.05	755.855
159	773.152	767.934	763.161	763.312	757
160	770.859	768.368	762.613	762.475	757.302
161	769.526	769.829	762.944	762.658	758.222
162	769.768	770.478	764.486	762.8	759.088
163	768.88	771.374	765.039	762.17	759.158
164	768.769	770.124	765.097	760.718	760.05
165	769.733	769.221	764.373	759.375	759.266
