# Overall Threshold 1: [ -7.65291008205541 7.64710314686026 ]
# Overall Threshold 2: [ -15.3029166965133 15.2971097613181 ]
VOLNUM	fmriSeriesEncode_1Run1_3.bxh	fmriSeriesEncode_1Run2_5.bxh	fmriSeriesEncode_1Run3_7.bxh	fmriSeriesEncode_1Run4_9.bxh	fmriSeriesEncode_1Run5_11.bxh
0	0.239419	-1.09179	-0.843868	0.52569	-0.38907
1	2.84275	-0.43088	-1.87174	-0.691485	0.315943
2	-0.180849	0.438267	-1.05932	-0.941716	-0.356238
3	-0.0138611	0.657842	0.755713	-0.161822	-0.557601
4	-0.626704	0.576532	2.39173	-0.840433	1.18946
5	-0.924133	-1.03861	1.26889	-2.67666	0.54241
6	-1.64322	-1.72254	0.465127	3.36022	1.41363
7	1.56949	-0.595407	0.176355	1.74255	-2.34236
8	-0.299521	1.08861	1.30897	2.53041	-1.28731
9	1.38557	1.57983	-0.15227	-2.03398	-1.25465
10	-17.7762	-0.601199	0.0755893	-1.65139	1.62039
11	10.6105	0.585595	-5.84688	0.842453	3.13264
12	1.2151	2.06314	3.75871	3.42582	0.162796
13	3.34306	2.38695	1.17751	1.58306	0.610415
14	0.784227	0.378337	-0.631977	-1.49092	-0.581599
15	-0.239411	-0.485234	-0.863684	-0.132035	-1.70513
16	-7.1157	-1.75384	0.126895	-2.39954	-3.09379
17	2.8781	-0.340286	1.94993	1.28793	3.4921
18	5.27193	0.103229	-0.224414	-0.158637	-0.382871
19	2.58495	0.506359	-0.0468827	0.635879	0.573043
20	0.336688	-1.51851	-0.825962	-1.02777	-0.384223
21	0.897582	1.99904	-1.62679	-5.40601	-3.90506
22	-4.09579	-3.75891	1.05857	-1.56978	3.32321
23	0.930073	0.555438	0.848297	0.922217	0.488292
24	-1.06746	-0.862736	-1.0566	0.413006	1.14629
25	-0.495756	-0.694531	-1.2786	0.980744	-1.01898
26	-0.645624	-0.641949	0.407232	0.388536	0.100284
27	0.159759	-0.193829	-0.671807	4.5438	-1.89735
28	-0.723758	-0.161733	-1.68873	2.24091	0.786003
29	-0.693131	0.41037	-0.25564	-1.23315	-0.367317
30	-0.236178	1.02761	1.46037	-3.31196	-0.952508
31	-0.816918	0.567021	-0.0805122	-0.654853	-0.47494
32	1.44218	-0.370081	0.211881	2.55459	0.58811
33	0.172522	-2.11457	1.37272	-1.64117	-0.165074
34	-0.695848	5.05922	0.186927	-0.000726188	0.806435
35	-0.844586	2.30624	-0.838185	1.44309	1.9578
36	1.3755	-0.077683	1.15048	1.50272	-2.55815
37	-8.13127	0.514566	0.696057	-2.53706	2.63611
38	2.05388	0.28967	2.83489	1.77637	0.476693
39	6.15094	-0.505237	1.35498	1.93014	1.9663
40	2.07386	-0.407359	-0.289121	-0.816411	-0.476587
41	0.99344	-0.278816	1.41722	-0.900133	-0.074476
42	-0.0751714	-4.84732	-1.58185	1.23984	-0.398565
43	0.715478	-2.73096	0.677336	-3.48461	-0.489529
44	2.35118	1.67252	0.114712	-0.527301	-1.31753
45	-0.247376	1.16783	0.723648	-0.142487	-0.899644
46	-1.47448	1.55001	-1.04386	0.382475	-1.30236
47	-1.89785	-3.75874	-33.7812	-4.42114	0.256386
48	-1.12164	1.37414	35.7394	1.54395	-0.0162732
49	0.482987	1.96385	-21.7192	-0.771664	0.0459207
50	-1.44866	-0.0768045	11.5276	2.4432	-3.82561
51	-2.04693	3.5752	1.85277	1.6143	0.488249
52	-1.43092	0.881214	0.903281	0.311301	2.50589
53	0.529883	-1.91058	1.48271	0.0786481	3.23592
54	0.587724	-1.64063	-0.835084	0.105492	0.715625
55	-0.360233	-2.41458	0.463327	-0.784812	-0.784289
56	-0.723414	-1.87227	0.331751	-0.530846	0.620503
57	2.41537	-0.0518587	-0.243382	1.26999	-0.586562
58	1.76796	1.64545	-0.685764	0.913333	-1.29537
59	0.309025	1.1182	-0.470705	-0.100693	-0.988395
60	-0.0954916	1.18862	0.367647	-0.213701	-1.68893
61	-0.338141	0.43804	0.537923	-0.319469	0.897913
62	-0.935321	0.703651	0.0308451	-1.12192	1.63473
63	0.218522	0.173523	2.49021	0.0355842	1.63502
64	1.20633	-0.372969	-0.979454	2.57659	0.846695
65	1.90585	1.10009	0.667193	1.43075	0.413163
66	-0.29064	0.207744	0.994679	-0.141096	0.517604
67	-1.53583	-0.734016	0.560125	0.502756	0.240548
68	-0.751411	-1.07753	-1.19944	-1.88865	-1.94199
69	-1.67783	0.700372	-0.565572	-5.99513	-0.944474
70	2.28505	-1.23025	-3.29618	2.97194	-1.11432
71	-0.282308	0.950875	-1.46021	0.204641	-0.64283
72	-0.550318	0.712533	1.1786	1.27749	-0.765335
73	-4.69553	-0.655954	0.697295	-0.222275	-0.7918
74	6.11613	-1.87882	0.436026	-1.47418	-0.111399
75	-2.84395	-0.390764	-2.01613	-0.424105	1.82307
76	2.02856	-0.231846	-2.78507	0.807812	0.389679
77	0.379849	0.68456	2.44026	0.723944	-0.961946
78	-1.95984	-1.038	2.77642	0.0754406	0.0673423
79	2.28627	-0.218974	0.6008	-0.896424	1.65595
80	-0.142096	1.39018	-1.39279	0.541666	0.551421
81	0.303807	0.430447	-1.77588	-0.488535	0.233479
82	-0.890721	0.0262678	-0.692666	-1.35613	0.755912
83	-0.647703	-0.369487	0.077202	0.966013	1.47559
84	0.111566	0.793213	0.651101	0.46566	1.12544
85	-0.528046	0.081356	0.0217382	-0.817414	-4.94125
86	-0.848652	0.179103	0.83821	1.0549	0.763291
87	0.731566	-0.732379	4.74306	0.61193	0.940399
88	1.06299	-2.96134	2.08637	-0.35902	-6.25888
89	-8.12184	1.1587	-1.6967	-0.685479	3.13829
90	4.38025	1.01732	-1.20707	3.33871	3.00341
91	3.3147	2.80637	0.784519	0.530533	1.48266
92	0.5831	1.13095	-0.303817	1.65251	-0.79098
93	0.69486	-0.282063	-0.0545003	0.629663	-0.532286
94	0.632462	-0.0401585	-1.70637	-1.84959	-2.52255
95	0.539399	-0.671059	-1.93338	-1.8316	-0.710376
96	-0.688124	0.598056	-0.915865	-0.468902	2.19554
97	-0.712989	0.273953	0.459653	0.39677	1.26191
98	-1.41696	-0.288757	-1.68259	-1.77226	-0.788966
99	0.517525	-1.76831	0.52761	-0.214251	-0.561438
100	-0.594079	-1.17137	0.392427	-2.49325	-0.701775
101	1.28249	-1.75561	0.109554	-0.0984773	1.23615
102	-0.850543	0.941164	1.69383	0.761482	-0.166651
103	0.12601	-0.130237	-0.483987	1.36327	-0.956697
104	0.258438	0.299235	0.404107	0.792165	1.05387
105	0.801217	0.159397	-0.479935	-0.828427	0.0447681
106	-0.889446	-0.458397	-0.547456	0.383578	-0.928125
107	-1.34514	-0.270646	-0.133767	-0.206169	0.221794
108	0.183754	0.412721	0.762959	-1.37845	0.527467
109	1.17817	-0.0256688	1.99902	0.951428	-0.133832
110	-0.550125	-1.29358	0.270696	0.58636	-0.790179
111	-0.118454	-4.05006	-0.46736	0.54765	0.472111
112	0.48676	7.14672	-0.323538	0.286889	1.12058
113	1.52696	-0.698799	0.384064	2.01027	0.236132
114	0.738877	1.0696	0.727293	0.150742	-2.30745
115	-16.4242	1.45121	-2.01958	-1.48657	0.231317
116	14.4171	1.28011	-0.574079	-0.628243	0.48981
117	-5.75666	-0.0223436	-1.73323	2.29749	1.99391
118	7.60863	-0.684374	0.497252	1.08283	0.115812
119	1.68928	-0.349048	1.78167	-4.52974	2.28491
120	-1.36959	-1.16024	0.676777	1.03657	-12.8348
121	-2.32354	-0.464797	-1.00605	0.287979	9.26159
122	1.14584	0.12905	1.00836	-1.70268	-0.493173
123	-0.157094	-0.923961	-1.04233	3.81676	0.873724
124	-1.10833	1.32131	-0.0794275	0.355532	0.0312869
125	-0.751649	-0.28448	0.381744	-0.179042	-2.71568
126	0.481568	-5.01475	-0.142693	-7.0289	1.0235
127	1.4327	2.57046	1.10007	4.49594	0.632365
128	-0.00102008	0.938856	-0.235984	0.0367719	1.61158
129	-0.59268	0.492751	0.0465328	0.152601	3.97423
130	0.0963069	0.115483	0.771073	0.569429	3.15875
131	0.25267	-0.665674	-0.581493	-0.451666	-2.74512
132	-1.07784	-1.62523	-0.835156	0.323784	-6.41658
133	-0.630898	-0.236624	-0.34815	-0.333195	-3.26073
134	0.233519	0.229383	-0.110419	-1.07418	-0.972833
135	0.824979	0.69387	-0.707411	-0.589007	1.09779
136	-0.306155	-0.215925	-0.107874	-1.43731	0.936576
137	-2.10611	0.289482	1.10911	-0.325432	-0.234446
138	-0.257241	1.35704	-0.325164	0.69821	0.13317
139	0.858416	0.30453	-0.278319	1.90968	0.242794
140	1.87858	0.10183	0.181928	0.435765	-0.479367
141	-5.63814	-0.550611	-0.856011	1.95389	-1.20424
142	-0.173403	-0.366259	1.73618	-1.909	7.53044
143	4.84355	2.47595	0.975792	2.60129	5.19084
144	3.0356	1.02213	-0.27552	0.9518	-0.960395
145	1.39867	0.50642	-1.22672	-0.100194	-3.00109
146	-2.84062	-0.120557	-1.04512	-31.0275	-3.90087
147	4.69973	-1.67682	0.855812	36.5776	-2.07604
148	-2.30389	-1.37156	0.983931	-10.3334	0.315584
149	-3.4167	0.361946	-0.217375	-1.27728	0.239153
150	-1.7102	-0.833381	-0.383679	5.84494	1.33535
151	-1.13091	-0.264648	-0.264497	1.87482	1.0007
152	-0.194068	-5.90007	-0.0553823	0.495242	0.284398
153	-3.48926	4.97047	1.8959	-0.262038	-3.1764
154	2.63349	0.737557	0.194384	-1.20069	1.80252
155	5.99087	0.13963	-0.404436	0.724126	0.635088
156	2.61406	-0.697505	-0.607446	-2.16078	-0.443302
157	0.425314	-0.0292572	-0.703215	-0.232302	-3.63018
158	-1.93782	0.327632	-1.54967	-1.73898	1.14438
159	-2.29154	0.439325	-0.548714	-0.838017	0.303868
160	-1.33458	1.46205	0.328995	0.183958	0.922221
161	0.241208	0.645399	1.53809	0.141842	0.858382
162	-0.885635	0.899795	0.556213	-0.627689	0.0747996
163	-0.1102	-1.25114	0.0565099	-1.45448	0.886192
164	0.961709	-0.902358	-0.722048	-1.34063	-0.780913
