VOLNUM	fmriSeriesEncode#1Run1_3.bxh	fmriSeriesEncode#1Run2_5.bxh	fmriSeriesEncode#1Run3_7.bxh	fmriSeriesEncode#1Run4_9.bxh	fmriSeriesEncode#1Run5_11.bxh
0	121.097	120.606	123.375	122.818	122.342
1	121.156	120.643	123.419	122.822	122.376
2	121.121	120.597	123.353	122.824	122.364
3	121.099	120.658	123.363	122.81	122.378
4	121.058	120.645	123.333	122.798	122.358
5	121.045	120.659	123.383	122.785	122.404
6	120.986	120.593	123.355	122.713	122.347
7	120.965	120.603	123.355	122.761	122.347
8	120.953	120.554	123.356	122.738	122.285
9	120.98	120.616	123.374	122.799	122.32
10	120.955	120.592	123.333	122.769	122.259
11	121.419	120.542	123.391	122.785	122.297
12	121.154	120.574	123.284	122.843	122.409
13	121.33	120.604	123.364	122.849	122.357
14	121.167	120.59	123.299	122.892	122.357
15	121.093	120.571	123.326	122.849	122.3
16	121.114	120.572	123.365	122.91	122.32
17	120.989	120.592	123.401	122.914	122.109
18	121.013	120.618	123.408	122.825	122.466
19	121.058	120.599	123.431	122.845	122.341
20	121.063	120.605	123.396	122.862	122.355
21	121.151	120.734	123.45	122.854	122.346
22	121.162	120.708	123.483	122.837	122.551
23	121.133	120.735	123.495	122.81	122.471
24	121.105	120.677	123.404	122.777	122.494
25	121.11	120.597	123.42	122.79	122.375
26	121.099	120.601	123.381	122.758	122.374
27	121.123	120.548	123.417	122.772	122.322
28	121.086	120.565	123.351	122.802	122.327
29	121.054	120.504	123.335	122.856	122.276
30	121.038	120.548	123.3	122.863	122.272
31	121.026	120.504	123.346	122.808	122.241
32	121.067	120.536	123.277	122.848	122.261
33	121.066	120.565	123.326	122.801	122.28
34	121.039	120.537	123.306	122.731	122.184
35	121.025	120.587	123.273	122.769	122.217
36	121.024	120.606	123.273	122.758	122.233
37	121.091	120.64	123.315	122.75	122.345
38	121.153	120.657	123.443	122.793	122.495
39	121.055	120.623	123.356	122.822	122.445
40	121.101	120.607	123.353	122.857	122.385
41	121.108	120.644	123.267	122.849	122.402
42	121.134	120.641	123.35	122.929	122.412
43	121.138	120.65	123.336	122.791	122.391
44	121.163	120.602	123.31	122.902	122.434
45	121.153	120.586	123.291	122.79	122.312
46	121.147	120.559	123.227	122.791	122.355
47	121.178	120.601	123.154	122.765	122.33
48	121.168	120.831	124.433	122.939	122.338
49	121.192	120.691	123.406	122.944	122.343
50	121.101	120.635	123.841	122.912	122.394
51	121.075	120.621	123.608	122.876	122.354
52	121.018	120.574	123.45	122.848	122.312
53	121.067	120.621	123.359	122.847	122.38
54	121.056	120.602	123.253	122.796	122.355
55	121.013	120.59	123.223	122.746	122.339
56	120.96	120.492	123.187	122.715	122.358
57	121.009	120.488	123.19	122.749	122.323
58	121.044	120.483	123.223	122.766	122.314
59	121.075	120.516	123.18	122.72	122.275
60	121.092	120.513	123.202	122.786	122.266
61	121.085	120.531	123.186	122.744	122.213
62	121.041	120.52	123.233	122.714	122.253
63	121.074	120.576	123.302	122.776	122.282
64	121.135	120.688	123.352	122.784	122.321
65	121.128	120.699	123.397	122.873	122.332
66	121.124	120.634	123.431	122.879	122.345
67	121.1	120.642	123.448	122.856	122.433
68	121.11	120.648	123.418	122.896	122.439
69	121.116	120.696	123.476	122.939	122.437
70	121.171	120.662	123.462	122.902	122.39
71	121.141	120.654	123.533	122.879	122.412
72	121.111	120.682	123.518	122.905	122.391
73	121.089	120.65	123.488	122.833	122.367
74	121.288	120.734	123.463	122.863	122.368
75	121.004	120.642	123.446	122.838	122.378
76	121.189	120.626	123.448	122.824	122.396
77	121.101	120.607	123.346	122.808	122.329
78	121.04	120.579	123.369	122.798	122.336
79	121.124	120.539	123.384	122.802	122.314
80	121.067	120.541	123.367	122.783	122.349
81	121.07	120.573	123.321	122.802	122.305
82	121.055	120.504	123.267	122.721	122.308
83	121.012	120.499	123.225	122.735	122.297
84	121.04	120.463	123.229	122.748	122.314
85	121.003	120.517	123.259	122.734	122.343
86	120.991	120.48	123.278	122.765	122.201
87	120.97	120.494	123.276	122.779	122.266
88	121.014	120.457	123.348	122.796	122.243
89	121.014	120.701	123.398	122.739	122.313
90	121.445	120.762	123.357	122.89	122.278
91	120.953	120.783	123.404	122.852	122.342
92	121.103	120.61	123.305	122.833	122.397
93	121.184	120.628	123.411	122.89	122.376
94	121.16	120.629	123.446	122.859	122.376
95	121.18	120.705	123.483	122.913	122.387
96	121.173	120.746	123.465	122.884	122.417
97	121.115	120.654	123.456	122.874	122.399
98	121.08	120.601	123.344	122.891	122.437
99	121.095	120.564	123.375	122.857	122.371
100	121.125	120.648	123.408	122.896	122.423
101	121.148	120.669	123.453	122.855	122.441
102	121.089	120.691	123.399	122.808	122.412
103	121.083	120.631	123.432	122.805	122.384
104	121.093	120.628	123.383	122.812	122.352
105	121.104	120.584	123.404	122.827	122.39
106	121.093	120.543	123.37	122.784	122.326
107	121.069	120.515	123.352	122.81	122.296
108	121.025	120.48	123.307	122.768	122.306
109	121.045	120.496	123.313	122.757	122.261
110	121.025	120.479	123.271	122.761	122.276
111	120.997	120.512	123.354	122.735	122.193
112	121.022	120.622	123.295	122.758	122.254
113	121.013	120.488	123.279	122.729	122.229
114	121.056	120.57	123.355	122.774	122.227
115	121.052	120.582	123.364	122.735	122.227
116	121.486	120.634	123.384	122.838	122.34
117	120.903	120.591	123.323	122.772	122.291
118	121.122	120.639	123.355	122.842	122.224
119	121.14	120.641	123.361	122.75	122.255
120	121.139	120.684	123.389	122.751	122.272
121	121.148	120.694	123.393	122.774	123.023
122	121.168	120.67	123.449	122.997	122.481
123	121.114	120.664	123.403	122.974	122.455
124	121.051	120.665	123.388	122.969	122.429
125	121.029	120.698	123.393	122.911	122.36
126	121.067	120.708	123.469	122.801	122.363
127	121.137	120.667	123.438	123.12	122.249
128	121.097	120.632	123.396	122.849	122.363
129	121.091	120.626	123.423	122.907	122.337
130	121.106	120.591	123.418	122.903	122.396
131	121.123	120.572	123.396	122.838	122.397
132	121.125	120.586	123.382	122.793	122.463
133	121.091	120.53	123.355	122.798	122.32
134	121.072	120.542	123.314	122.771	122.244
135	121.063	120.535	123.305	122.755	122.219
136	121.087	120.532	123.287	122.722	122.199
137	121.056	120.487	123.27	122.684	122.252
138	121.02	120.499	123.343	122.68	122.258
139	121.048	120.501	123.316	122.672	122.303
140	121.03	120.506	123.293	122.699	122.249
141	121.109	120.53	123.291	122.623	122.282
142	121.088	120.597	123.373	122.647	122.333
143	121.12	120.66	123.4	122.748	122.32
144	121.061	120.647	123.449	122.758	122.404
145	121.117	120.668	123.407	122.712	122.441
146	121.107	120.641	123.411	122.675	122.428
147	121.376	120.667	123.442	123.124	122.365
148	121.092	120.755	123.438	123.218	122.426
149	121.191	120.7	123.403	123.124	122.325
150	121.074	120.624	123.37	123	122.321
151	121.02	120.598	123.377	122.937	122.334
152	121.048	120.596	123.367	122.86	122.405
153	121.061	120.848	123.422	122.923	122.464
154	121.032	120.594	123.379	122.839	122.386
155	120.988	120.639	123.381	122.841	122.366
156	121.019	120.587	123.36	122.783	122.322
157	121.06	120.544	123.378	122.791	122.378
158	121.107	120.539	123.369	122.73	122.28
159	121.1	120.544	123.313	122.715	122.302
160	121.126	120.497	123.282	122.755	122.272
161	121.11	120.543	123.308	122.726	122.318
162	121.117	120.533	123.37	122.733	122.319
163	121.078	120.575	123.346	122.76	122.311
164	121.118	120.559	123.397	122.78	122.334
165	121.119	120.586	123.37	122.782	122.326
