VOLNUM	fmriSeriesEncode#1Run1_3.bxh	fmriSeriesEncode#1Run2_5.bxh	fmriSeriesEncode#1Run3_7.bxh	fmriSeriesEncode#1Run4_9.bxh	fmriSeriesEncode#1Run5_11.bxh
0	4.31811	5.16075	4.78103	4.61312	4.69432
1	4.32349	4.74558	4.76364	4.68848	4.3299
2	4.22342	4.96012	4.87382	4.71112	4.46652
3	4.15562	4.80366	4.95735	4.73993	4.55289
4	4.09037	4.90309	4.91494	4.79577	4.56682
5	4.1269	4.75258	4.94179	4.81627	4.64908
6	4.09615	4.94069	4.95634	5.0938	4.55183
7	4.08085	4.76312	4.92703	4.94667	4.59061
8	4.02346	4.87673	4.94067	4.82278	4.6444
9	4.10191	4.73567	5.02114	4.83431	4.6564
10	4.12216	4.82801	5.04263	4.98381	4.33446
11	5.16033	5.05192	5.04444	4.8611	4.34466
12	4.924	5.20626	4.77092	4.64671	4.3158
13	4.86349	5.11977	4.83077	4.73576	4.29869
14	4.891	5.1163	4.75636	4.63844	4.20542
15	4.82223	5.09109	4.93657	4.71147	4.01914
16	4.87466	4.82726	4.90417	4.74202	4.19435
17	4.79803	5.22404	4.98753	4.75665	5.66186
18	4.77306	4.70141	4.87404	4.77813	5.45756
19	4.74311	4.96237	5.09664	4.79176	5.16627
20	4.78776	4.908	5.00839	4.82814	4.98851
21	4.87444	4.94551	5.07459	4.75581	5.09695
22	4.74562	4.98394	4.96533	4.9409	5.46431
23	4.75453	4.89188	5.08395	5.05154	5.52016
24	4.73325	4.55192	5.05002	5.09473	5.31705
25	4.73271	4.78275	5.11368	5.08632	5.37441
26	4.742	4.58167	5.1263	5.06599	5.39983
27	4.70016	4.96276	5.17924	5.04555	5.41399
28	4.60331	4.66374	5.19948	4.66527	5.13926
29	4.61914	4.92381	5.16093	4.78933	5.2492
30	4.71203	4.38545	5.09609	4.84046	5.1844
31	4.9352	4.75554	5.11218	5.04532	5.19604
32	4.66782	4.78547	4.99096	4.85661	5.17241
33	4.62583	4.42445	4.97073	4.59884	5.01971
34	4.60416	4.7066	4.91364	4.7037	5.15286
35	4.66285	4.34046	4.9693	4.75799	5.06587
36	4.71119	4.32254	4.8973	4.72022	5.00494
37	4.6081	4.49231	4.93225	4.64504	5.00496
38	5.15113	4.37735	4.93141	4.56269	4.87956
39	9.11	4.31586	4.95165	4.04478	4.94483
40	4.40858	4.67756	4.73388	4.832	5.24507
41	4.33522	4.38038	4.69462	4.30651	5.13124
42	4.40855	4.70438	4.18556	5.03973	5.20947
43	4.45052	4.81416	4.56772	5.35823	5.07336
44	4.43639	4.89405	4.441	5.13881	5.29423
45	4.59936	4.68516	4.52273	4.97671	5.04817
46	4.67713	4.85396	4.53194	4.81554	5.05904
47	4.71019	4.62174	4.56461	4.80471	4.89595
48	4.42371	5.33992	5.74967	4.56518	4.74338
49	4.21342	5.53137	4.85977	4.36059	4.76155
50	4.0324	4.53307	5.03021	4.54046	4.63499
51	3.82471	4.38954	4.54338	4.71503	4.76375
52	4.55554	4.5137	4.59931	4.6423	4.50212
53	3.9319	4.19283	4.60589	4.79806	4.37108
54	3.89306	4.59125	4.75352	4.56291	4.54008
55	4.011	4.43559	4.69951	4.81376	4.54288
56	4.57751	4.87307	4.843	4.63817	4.56368
57	4.13112	4.79124	4.80267	4.54671	4.28352
58	3.93974	4.98978	4.75608	4.24575	4.56897
59	3.88822	4.71042	4.80252	4.52105	4.38078
60	3.92466	4.85309	4.68771	4.24945	4.25968
61	4.06001	4.58912	4.82	4.3033	4.89942
62	3.98311	4.86576	4.6435	4.1368	4.22603
63	4.82534	4.47941	4.65822	4.50761	4.43139
64	4.0591	4.6282	4.67985	4.19127	4.29532
65	4.24869	4.62469	4.70818	4.14162	4.47627
66	4.15205	4.6216	4.48228	4.35081	4.36597
67	4.14984	4.78474	4.44909	4.3458	4.50294
68	4.9706	4.71951	4.6095	4.4743	4.63281
69	4.09181	4.89954	4.48085	4.26536	4.38975
70	4.35629	4.75603	4.75368	5.35923	4.39783
71	4.54796	4.90907	4.80024	4.5209	4.40177
72	4.12072	4.87423	4.95642	4.7159	4.25036
73	4.62714	4.7392	4.81418	4.31691	4.2576
74	4.89325	4.66208	4.86954	4.39137	4.60369
75	4.6561	4.74134	4.70209	4.04475	4.46865
76	4.91103	4.68176	4.69829	4.45878	4.40345
77	4.87937	4.80315	4.69984	4.17139	4.49021
78	4.54355	5.00969	4.53889	4.40036	4.57336
79	4.6927	4.90427	4.51017	4.23646	4.47718
80	4.74024	4.92921	4.52377	4.60242	4.45825
81	4.19926	4.78782	4.36738	4.43411	4.23132
82	3.95984	5.00282	4.50381	4.57685	4.56274
83	4.05505	4.80381	4.37974	4.81331	4.38117
84	3.84171	4.9322	4.55807	4.47229	4.33827
85	4.02462	4.75817	4.256	4.54645	5.19531
86	3.97219	4.96851	4.39753	4.58216	4.76731
87	4.52574	4.79238	3.97317	4.46872	4.72973
88	3.912	4.99491	4.41419	4.41413	4.02837
89	3.87646	4.33706	4.91425	4.58968	4.63471
90	5.58101	4.59009	5.13211	4.39494	4.1176
91	5.56719	4.53473	4.74396	3.94667	4.14316
92	4.77837	4.51042	4.39664	4.03742	4.2038
93	4.52281	4.72573	4.68718	4.07239	4.23905
94	4.65569	4.33293	4.61027	3.97112	4.44206
95	4.70555	4.81749	4.70575	4.39256	4.68325
96	4.43357	5.02242	4.68345	4.04189	4.82004
97	4.49262	4.88188	4.68221	4.26524	4.56898
98	4.2975	4.68206	4.59239	3.97423	4.68381
99	4.13268	4.69963	4.4702	3.95243	4.77394
100	4.08277	4.73691	4.49194	4.24527	5.0689
101	3.9465	5.08573	4.50769	4.07021	4.85705
102	3.68274	4.86665	4.37049	4.30508	4.92657
103	4.65323	4.80783	4.27302	4.1109	4.80014
104	3.96282	4.75406	4.30633	4.32782	4.95042
105	4.1522	4.77074	4.19833	4.26492	4.86672
106	4.07322	4.69066	4.00331	4.44031	4.95099
107	4.33889	4.78859	4.02183	4.38922	5.05778
108	4.48345	4.79024	4.19734	4.38716	4.87676
109	4.39164	4.57692	4.2101	4.51082	5.02039
110	4.52324	4.53605	4.24032	4.28562	4.9631
111	4.55136	4.42976	4.18013	4.42227	5.08603
112	4.9225	4.91005	4.45846	4.26325	4.91155
113	4.41479	5.06583	4.29073	4.09764	4.83772
114	4.46468	4.67333	4.25126	4.22744	5.074
115	4.3388	4.55821	4.34493	3.94	4.65705
116	5.98788	4.69934	4.1475	4.20671	4.80936
117	6.5744	4.35763	4.06005	3.83956	4.76646
118	5.29526	4.67021	4.25064	4.13876	4.88176
119	5.14424	4.22487	4.23594	3.58701	4.9602
120	5.09885	4.6425	4.07975	4.38747	4.7412
121	5.32696	4.55095	3.93601	4.94925	5.1991
122	5.32831	4.72368	4.17315	4.91327	4.19042
123	5.39562	4.91518	3.94334	4.91283	4.21511
124	5.30299	4.41973	4.83572	4.84742	4.15069
125	5.33619	4.70631	4.17618	4.88803	4.21616
126	5.24906	4.30176	4.3353	4.91169	4.13282
127	5.45141	4.42305	4.13944	4.71322	4.33294
128	5.27109	4.2911	4.3827	5.09392	4.37971
129	5.30087	4.29827	4.18654	5.20225	4.44676
130	5.30844	4.30174	4.15685	5.19257	4.19815
131	5.33314	4.37661	3.99769	5.1953	4.17848
132	5.41281	4.56384	4.34409	5.23447	4.22601
133	5.33123	4.7246	4.11898	5.09968	3.96495
134	5.33192	4.72477	4.15867	5.09248	4.157
135	5.30083	4.53043	4.17243	5.01443	4.44854
136	5.38804	4.76843	4.26452	4.93492	4.65362
137	5.35121	4.67472	4.49418	4.95403	4.48334
138	5.43405	4.78354	4.18112	5.03496	4.60107
139	5.45601	4.39147	4.39517	4.96809	4.41838
140	5.44239	4.40164	4.23512	4.89095	4.66938
141	5.37522	4.37152	4.84745	5.03278	4.55491
142	5.22091	4.85002	4.00096	5.09603	4.54917
143	5.52853	4.66932	3.936	4.85905	4.41218
144	5.38829	4.42218	3.91605	4.86397	4.18748
145	5.26793	4.51775	3.69009	4.78041	4.30267
146	5.11795	4.44977	4.28	4.90455	4.39502
147	4.82512	4.93493	4.15161	5.44773	4.6233
148	5.01515	5.35146	4.06495	4.65933	4.30686
149	5.04844	5.23705	3.91866	4.08381	4.41291
150	5.0771	4.9528	3.85397	4.03397	4.39775
151	5.18633	4.8312	4.67334	4.02947	4.60854
152	5.14862	4.96039	3.93117	4.09534	4.14251
153	5.4882	5.29675	3.84503	4.17352	4.36171
154	5.25846	5.19098	3.70363	4.09412	4.5053
155	5.29023	5.1071	3.878	4.02632	4.25679
156	5.20548	5.06107	4.12248	4.02146	4.28404
157	5.06341	4.92041	3.99104	3.99568	4.32857
158	5.14886	4.91823	4.02827	4.05503	4.54247
159	5.14709	5.29713	4.01836	3.9199	4.46802
160	5.25698	4.82653	5.12058	3.97687	4.38994
161	5.34308	4.9189	4.24725	3.87994	4.35526
162	5.3244	4.87001	4.10048	3.92613	4.39521
163	5.39122	5.122	3.88122	3.90666	4.47104
164	5.40588	4.88411	4.15122	3.93413	4.43099
165	5.47174	5.08622	4.02322	3.92007	4.56563
