VOLNUM	fmriSeriesEncode_1Run1_3.bxh	fmriSeriesEncode_1Run2_5.bxh	fmriSeriesEncode_1Run3_7.bxh	fmriSeriesEncode_1Run4_9.bxh	fmriSeriesEncode_1Run5_11.bxh
0	4.64979	4.84925	3.77767	3.73418	3.96975
1	4.71865	4.76235	3.62549	3.76647	3.56693
2	3.67553	4.4829	4.01784	3.54746	3.63369
3	3.57197	4.70389	3.94361	3.49002	3.56184
4	4.08132	4.66132	3.7756	3.46539	3.80587
5	4.10205	4.61599	3.83612	3.74132	3.52288
6	4.26387	4.72854	3.64921	3.76521	3.70866
7	4.2988	4.87131	3.78199	3.61737	3.63626
8	4.45871	4.76686	4.00857	3.61173	3.61814
9	4.49886	4.76105	3.27798	3.47013	3.66278
10	4.55882	4.73382	3.28762	3.65079	3.81433
11	4.35603	4.80745	3.26966	3.54492	3.8305
12	4.55188	4.50423	3.40726	3.52516	3.51063
13	4.92866	3.69992	3.41032	3.64525	3.5538
14	4.74391	3.38344	3.48876	3.56972	3.54424
15	4.7813	3.77452	3.54617	3.52923	3.68458
16	4.42202	4.15517	3.55888	3.52183	3.57884
17	4.13003	4.20904	3.5681	3.54005	3.73288
18	4.4532	4.25035	3.39803	3.45392	3.77006
19	4.65168	4.31306	3.61994	3.55145	3.5969
20	5.18373	4.62837	3.31984	3.42783	3.4329
21	4.68031	4.36401	3.33618	3.48374	3.40823
22	4.4162	4.65631	3.39088	3.51783	3.37118
23	4.24674	4.25457	3.45091	3.35556	3.16978
24	4.60126	4.37593	3.37052	3.63816	3.15657
25	4.38347	4.48747	3.33138	3.51146	3.59806
26	4.30809	4.58936	3.59051	3.57249	3.54298
27	4.76509	4.64017	2.60109	3.79199	3.24343
28	4.68156	4.65186	3.44698	3.62055	3.28377
29	4.30657	4.48558	3.43983	3.63096	3.53907
30	4.71803	4.6121	3.50042	3.07469	3.38302
31	4.56355	4.57102	3.39888	3.33024	3.25832
32	4.52135	4.66688	3.51769	3.27258	3.41091
33	4.79291	4.73991	3.48635	3.22502	3.44431
34	4.54927	4.69957	3.39661	3.27958	3.47508
35	4.28613	4.36314	3.40308	3.21105	3.5963
36	4.73126	4.24744	3.41529	3.27379	3.79683
37	4.38586	4.65478	3.34175	3.35384	3.44442
38	3.68795	4.6491	3.39708	3.28779	3.33703
39	3.56959	4.57964	3.42267	3.49309	3.6356
40	3.33559	4.68712	3.32358	3.50111	3.63529
41	3.05221	4.63102	3.38692	3.63478	3.61326
42	3.64277	4.39254	3.56033	3.65635	3.2958
43	3.41975	4.12873	3.52051	3.53645	3.02414
44	3.97599	4.14716	3.50762	3.49456	3.93763
45	3.97683	4.2677	3.6224	3.4345	3.69594
46	3.89537	4.41126	3.14205	3.60803	3.50019
47	3.79927	4.28853	3.34101	3.62271	3.477
48	3.77744	4.09579	3.30088	3.67404	3.1194
49	3.73472	4.04172	3.38699	3.7393	3.08724
50	3.27835	4.16495	3.1429	3.76227	3.3237
51	3.6435	4.33521	3.57292	4.45826	3.59547
52	2.92137	3.98513	3.50605	4.47227	3.45907
53	3.36458	3.96376	3.61918	4.63144	3.35868
54	3.42502	4.04943	3.40166	4.37936	3.30223
55	3.51692	4.04586	3.23306	4.08696	3.16101
56	3.5226	3.99227	3.2545	4.00924	3.22323
57	3.61898	3.88454	3.20702	4.03382	3.3083
58	3.5042	4.06268	3.27486	3.72349	3.35432
59	3.51462	4.19588	3.36838	3.62472	3.39702
60	3.44813	4.03718	3.10372	3.66545	3.27907
61	3.44167	4.18451	3.38618	3.89856	3.58478
62	3.20038	4.19554	3.38002	3.84914	3.19413
63	3.25467	4.04847	3.57952	4.07407	3.45532
64	3.75037	3.92258	4.01785	3.57495	3.32342
65	3.31043	3.93984	3.55806	3.49255	3.08188
66	3.30439	4.29472	3.36455	3.41797	3.58943
67	3.28638	4.04479	3.5987	3.51068	3.42685
68	3.40889	4.10978	3.32475	3.27572	3.70087
69	3.67747	3.6663	3.0649	3.24699	3.33135
70	2.80346	3.37599	3.25302	3.45586	3.2438
71	3.4196	3.58984	3.21724	3.21796	3.41434
72	3.60827	3.8531	3.59891	3.28752	3.32669
73	3.48228	3.98804	3.59578	3.16958	3.42137
74	3.46517	2.94399	3.86248	3.43219	3.11776
75	3.69809	4.46306	3.70429	3.34639	3.4871
76	4.09449	3.67139	3.29204	3.35287	3.35686
77	3.19779	3.52627	3.00798	3.07287	3.31298
78	3.41043	4.00119	3.1337	3.49234	3.27543
79	3.52498	3.86918	3.39217	3.37832	3.1536
80	2.97429	3.96151	3.41349	3.40838	3.44702
81	3.43685	3.88209	3.46793	3.31993	3.18345
82	3.62177	3.86338	3.44473	3.48641	3.36314
83	3.61902	3.85213	3.24473	3.38138	3.25759
84	3.64166	3.85229	3.41819	3.24381	3.14812
85	3.50085	3.95796	3.31406	3.45776	2.93563
86	3.81418	3.78177	3.59765	3.28029	3.66923
87	3.34449	3.92937	3.50937	3.46581	3.77406
88	3.03758	3.76182	3.85969	3.32352	3.58924
89	3.44822	3.72671	3.68005	3.476	3.44879
90	3.39825	3.57226	2.45615	3.59412	3.32061
91	2.94053	3.53873	-1	3.30298	3.53718
92	3.55661	3.60761	3.01432	3.29974	3.48797
93	2.9176	3.84011	3.17294	3.65465	3.31694
94	3.30243	3.83315	3.6323	3.44085	3.51861
95	3.29661	3.83858	3.533	3.62066	3.51741
96	3.57256	3.79865	3.3898	3.40076	3.34113
97	3.87675	4.06162	3.21452	3.35124	3.3334
98	3.60102	3.71852	3.19275	3.56363	3.37791
99	3.69417	3.4258	3.15072	3.48171	3.22427
100	3.53121	3.53679	3.26271	3.48579	3.55186
101	3.88688	3.32265	3.39339	3.38996	3.24704
102	3.59963	3.75615	3.26237	3.58821	3.20664
103	3.10594	3.71292	3.44664	3.41836	3.66651
104	3.77049	3.74977	3.32525	3.58636	3.10985
105	3.35057	3.66882	3.38998	3.66931	3.23629
106	3.45026	3.90902	3.41979	3.93196	3.37029
107	3.49171	4.02899	3.35603	3.45279	3.35836
108	3.4979	3.89448	3.45584	3.20687	3.59927
109	3.65613	4.15604	4.32978	3.48458	3.6588
110	3.45472	4.11111	3.20738	3.37568	3.60525
111	4.23672	4.02854	3.30017	3.51041	3.74555
112	3.68635	3.80719	3.19786	3.38295	3.12632
113	3.78724	3.81675	3.51303	3.46356	3.02194
114	4.0065	3.73266	3.6469	3.33149	3.3165
115	3.62557	3.3257	3.76197	3.57579	3.22366
116	3.93039	3.70616	3.49073	3.47137	3.11277
117	3.62853	3.88212	3.77157	3.68144	3.36921
118	3.65573	4.23196	3.69073	3.66476	3.34202
119	3.78072	4.35404	3.37398	3.69221	3.39037
120	3.77095	4.31436	3.39332	3.70555	3.24235
121	3.91393	4.2636	3.49927	3.3257	3.08972
122	3.07806	4.20214	3.39606	3.3607	3.17965
123	3.45489	3.63265	3.42966	3.43794	3.39237
124	3.60059	4.10677	3.53154	3.45857	3.37096
125	4.05194	4.29145	3.4679	3.48484	3.58063
126	3.6428	4.2972	3.58846	3.38799	3.31039
127	3.94411	4.05892	3.17412	3.27173	3.49312
128	3.50983	4.46557	3.45512	3.32981	3.44096
129	3.77298	4.03704	3.45034	3.29244	3.3153
130	3.65789	4.32351	3.82711	3.3331	3.49204
131	3.74698	4.36097	3.60215	3.41315	3.67807
132	3.58678	4.47951	3.49718	3.32224	3.78021
133	3.6767	4.03348	3.47091	3.61544	3.74817
134	3.84126	3.38555	3.44063	3.78291	3.18186
135	3.53897	2.93592	3.61094	3.42134	3.21866
136	3.78891	3.5097	3.42074	3.11586	3.49423
137	3.89793	3.35935	3.31087	3.41874	3.49899
138	3.8571	3.12056	3.12846	3.3821	3.53814
139	3.6685	3.24485	3.31508	3.52634	3.53842
140	4.19609	3.34294	3.2737	3.52517	3.5638
141	3.87631	3.21372	3.30823	3.58115	3.62675
142	3.58686	3.26479	3.53103	3.43197	3.40881
143	3.8355	3.4061	3.22392	3.89426	3.8553
144	3.63456	3.37994	3.68228	3.67277	4.35533
145	3.61794	3.16206	3.45778	3.74605	4.12496
146	3.55312	3.33956	3.70563	3.49001	3.99268
147	3.53683	3.44558	3.50732	3.58502	3.81219
148	3.56977	4.20497	3.65625	3.75955	4.04779
149	3.78823	3.6622	3.53617	3.69455	3.94224
150	3.74431	3.91509	3.43299	3.65345	3.91404
151	3.78068	3.93741	3.63656	3.96712	3.98937
152	4.0225	3.88189	3.54282	3.52075	3.81274
153	3.5768	3.84488	3.45622	3.66723	4.02671
154	3.98599	3.69467	3.44686	3.8672	4.00873
155	3.89333	3.68324	3.46022	3.89937	4.04942
156	3.89224	3.81746	3.48726	3.61897	3.95817
157	3.77956	3.86897	3.50101	3.74666	4.11368
158	3.86141	3.59747	3.89171	3.91608	3.88265
159	3.70003	3.80961	3.73453	3.74108	4.04257
160	3.89964	3.64822	3.1337	3.91461	3.9325
161	3.99318	3.73513	3.04086	3.71932	4.03251
162	3.97748	3.69315	3.4299	3.50661	3.81125
163	3.91383	3.77394	3.4795	2.91901	3.89927
164	3.78538	3.87909	3.4777	3.74562	4.07382
165	3.6152	3.87828	3.43515	3.51755	2.81606
