# Overall Threshold 1: [ -8.58148014118286 8.58438547327498 ]
# Overall Threshold 2: [ -17.1644129484118 17.1673182805039 ]
VOLNUM	fmriSeriesEncode_1Run1_3.bxh	fmriSeriesEncode_1Run2_5.bxh	fmriSeriesEncode_1Run3_7.bxh	fmriSeriesEncode_1Run4_9.bxh	fmriSeriesEncode_1Run5_11.bxh
0	-5.56374	-2.90234	-1.12832	-1.92317	-1.93708
1	-2.44933	-0.296238	1.46866	-1.58852	-0.58002
2	8.39581	2.1108	1.33803	4.43677	2.56665
3	-0.475676	-0.437933	0.580564	1.88198	3.35263
4	-0.17889	-0.123465	-2.85232	2.36092	-1.13904
5	0.721636	-0.48158	-1.23926	-1.07255	-3.29426
6	-1.09863	0.28077	-0.234779	-6.26571	-1.72583
7	0.213583	1.20739	-0.39256	-2.68608	-0.495681
8	0.825924	1.43147	-4.63933	-1.46367	4.83486
9	-0.434424	0.142616	10.3863	5.31092	2.72122
10	0.905406	-1.16948	1.88127	2.85323	-1.51588
11	-3.27857	2.33492	-0.702976	-1.74211	-1.32189
12	2.05871	-2.33164	-3.62196	3.15147	-3.40811
13	1.01299	2.0982	-3.98189	-1.59201	1.8303
14	-0.761003	1.36928	-0.193911	-1.77884	0.140208
15	2.16799	2.22554	0.717079	-0.338556	0.7999
16	-2.66535	-4.38057	5.54788	0.071773	-2.28444
17	1.02754	-6.48265	3.0692	-1.20241	0.70774
18	2.23789	-1.90375	-1.25088	0.457486	0.739414
19	-1.1726	6.04651	-1.94526	2.2387	0.730469
20	-0.452526	1.85751	-3.65768	-1.05271	-1.61671
21	-0.000191157	1.15583	1.02345	-1.18878	0.0925414
22	-0.12239	-1.01877	0.838948	0.235051	0.926954
23	-1.42201	-5.15725	2.95358	-1.07659	-3.16865
24	1.69524	4.54012	-3.39162	2.80199	4.0647
25	-1.2984	0.78774	-20.4371	1.26793	-0.380613
26	-1.59255	-0.0348718	29.4518	0.249527	-0.349253
27	-0.0372472	-0.851754	-7.01594	-2.37736	-2.30567
28	0.420944	-1.00273	-0.48113	-1.21665	0.216122
29	-0.797152	0.795093	-0.942835	2.856	3.01245
30	1.4505	-1.96793	-2.708	-1.78749	0.511773
31	0.304279	-0.154146	0.960363	1.20874	-1.971
32	-0.534242	0.575824	0.0185963	-2.39261	-0.918095
33	0.375712	1.34373	-0.166146	-2.04555	-0.269042
34	0.228675	2.90289	-0.24066	0.490168	2.32958
35	1.41948	3.62624	2.02658	1.32237	1.35637
36	0.865143	-0.74823	0.596574	3.44752	1.17329
37	0.0651939	-5.26812	-0.214915	0.0527975	-1.94805
38	-2.49575	-0.490177	0.414741	-1.23863	0.411458
39	1.68187	-0.810492	-2.64438	3.26219	0.429461
40	-19.1983	0.330673	0.02866	-0.912956	-0.855304
41	26.7149	-0.712808	3.36224	-0.713603	-1.56481
42	-1.3208	-0.0720725	-0.123409	-2.10203	-2.93296
43	-4.9352	0.0283621	-1.48402	-3.11768	2.72094
44	0.191541	2.42326	-1.91006	4.23698	0.963663
45	-3.54341	-1.03136	2.80161	0.0889021	0.301974
46	-1.7377	-0.614105	0.0334911	-2.1633	-1.87423
47	1.17752	-1.47949	-2.20495	-2.60706	-1.8025
48	2.04102	-0.255923	-1.04001	-1.23186	-0.656954
49	1.63917	3.09674	-2.30137	0.513849	1.72958
50	-3.27789	-0.478527	5.05785	1.20523	0.870328
51	0.490766	-0.491349	0.213067	1.9261	-0.881844
52	2.19751	0.223119	-2.33229	0.843281	0.915805
53	-0.602766	0.543003	-2.29796	-1.17723	0.617735
54	-0.229826	-0.464036	0.477147	0.83371	0.117591
55	-0.656305	0.364398	1.98137	1.16604	-0.756912
56	-2.54744	1.23804	1.28006	-0.649164	1.61241
57	-1.48246	-0.73884	0.675722	1.22377	-0.428007
58	0.80577	-2.77929	-1.2584	1.65437	0.292764
59	0.605386	0.327572	-0.930204	0.880961	-0.0972403
60	2.72292	1.10406	1.64396	0.220507	-0.0256124
61	1.24294	1.4671	4.1729	0.546398	0.843076
62	0.225626	0.090158	1.21198	-2.05222	-0.597
63	0.405074	0.149533	-0.778114	-2.21023	2.12749
64	-2.77247	-1.06084	-3.49249	-2.29118	1.8313
65	0.767546	1.54261	-0.235188	2.51244	-0.474074
66	0.77678	1.73116	-0.399602	-0.879431	-1.30037
67	-0.336759	-2.63133	-0.92509	-0.928457	-2.63437
68	-1.95649	-3.0123	-1.8723	-1.35996	-4.07089
69	-0.508345	-3.01485	-1.93951	0.881721	3.3162
70	5.41951	4.93993	1.09486	-1.23629	-0.79157
71	-0.828837	2.17085	-1.4727	1.03628	-1.51935
72	-1.04029	-1.11655	-1.16487	0.656601	-0.645517
73	-1.99633	-0.704405	0.17492	1.84281	1.13744
74	-3.79124	-1.46227	3.58421	-0.216151	1.18527
75	2.04843	-0.313817	0.978473	0.548679	-0.0471971
76	2.70276	4.54361	2.41334	-6.29963	0.759674
77	-0.950344	-0.663527	-0.187613	1.75551	-0.114988
78	-0.142391	-3.0975	-0.180905	0.840871	-0.0899603
79	-0.622893	0.260891	-0.13346	4.79116	-0.817147
80	1.47133	-0.843002	-0.543657	1.50758	-0.502052
81	0.766028	1.33813	0.20811	-0.053841	-0.284204
82	0.12207	-0.229728	0.00410698	-2.70414	0.440455
83	-1.11139	-1.31069	1.3121	-0.882748	-0.190603
84	-0.264053	1.06895	-0.899048	-0.261375	2.89618
85	-0.153953	-0.130436	3.28777	-0.211305	3.57872
86	-0.352974	0.929899	0.729993	2.33482	2.56512
87	1.6899	0.133768	0.224674	1.0689	-0.762612
88	0.927251	-1.52693	-3.40308	0.0115892	-2.33576
89	1.84474	0.434921	-13.9771	-2.27576	-3.387
90	-5.16609	2.07377	10.1561	0.10116	-1.37154
91	-0.694004	-0.0465651	-0.922275	0.8749	0.947752
92	1.16149	-0.0718583	2.80733	-0.903011	-0.706532
93	-0.278605	-0.342901	1.03693	0.129781	-1.80886
94	0.26102	0.40138	-2.70394	-3.28115	-0.921874
95	0.577224	-0.219432	-2.20463	1.6307	0.669355
96	-0.440607	-0.220624	-2.06891	0.811718	-0.914272
97	-1.26509	-0.0424436	0.356159	-1.77991	3.5266
98	2.73592	-1.10781	2.92508	1.07093	0.831767
99	-0.815688	-0.609586	2.31815	-0.0749575	-0.994143
100	-0.88629	1.25674	1.44374	0.21616	-0.76289
101	-2.8936	2.08714	0.367934	0.110566	-1.17895
102	4.27966	-2.22519	0.122083	-0.911384	-0.522471
103	0.839247	-0.348953	-1.6453	-1.14485	4.72217
104	-0.950577	-0.379748	2.3645	-0.0116082	0.442378
105	0.272916	0.311364	1.06167	1.29457	-1.71643
106	-0.78337	0.181165	2.86051	1.36858	-1.20597
107	0.517756	-1.90398	0.110052	0.34113	-0.440082
108	2.27503	-0.87465	-4.19946	-1.57942	0.298989
109	2.04891	-0.554764	-0.852463	-0.0168246	0.89682
110	-0.851756	0.194417	-2.88591	0.968235	-0.277595
111	-1.16686	2.27688	-0.361075	0.944963	-3.21578
112	-1.38061	0.606125	-1.8571	1.16869	6.32686
113	-1.73916	0.71924	-0.412677	0.933763	-1.6438
114	-1.22545	0.747376	-0.656742	1.22271	-0.634017
115	-1.19586	1.34747	0.313018	-0.0580045	-1.23876
116	-2.10168	-0.860314	2.00953	0.320789	2.21031
117	3.33399	1.14508	0.169016	-1.3736	-0.796278
118	0.277617	-0.957395	0.000259065	-0.370626	-0.365757
119	0.0179264	-1.22134	0.946639	-1.35561	-1.51735
120	0.860426	-1.88056	2.6401	-2.23478	1.51169
121	-5.15197	3.81607	-3.16098	-1.48276	-1.22904
122	9.44424	-1.6998	2.97969	-0.409053	1.49705
123	-1.48061	1.07148	2.57987	-0.495191	-1.07078
124	-1.93737	-1.31055	-0.977592	0.153888	-2.49756
125	0.0722936	-0.121496	-0.346496	-0.789444	-1.74967
126	-0.0714591	-3.78468	1.6188	0.207309	-1.45452
127	0.0537565	3.33397	-3.93465	3.90309	4.95074
128	2.93336	1.69895	2.41695	-0.335152	2.14386
129	-0.392152	-1.75002	0.702114	-0.402348	-0.859157
130	-2.69353	-2.05502	-2.05143	-1.40051	-0.708394
131	-0.814875	-1.38745	-2.87915	2.03044	-1.15864
132	0.162871	2.37007	-0.668233	1.68909	0.751424
133	0.086241	-1.37691	-0.207463	-0.354568	0.724185
134	-0.839458	3.09003	-0.238702	0.862473	3.4346
135	-0.596544	-0.86092	-0.991891	-0.245058	-1.60666
136	0.168247	-0.0197485	1.23423	-0.404359	-1.99298
137	0.424517	1.03905	2.2489	-0.134669	-1.57215
138	0.195585	0.326937	-0.501481	-0.253532	1.16558
139	2.80342	-0.345761	-1.26636	0.68181	4.0612
140	0.477274	0.260318	0.207942	-3.84942	0.322474
141	-4.71213	-1.67975	0.174202	-1.12319	-0.004719
142	1.45942	-1.20263	3.70067	3.45251	1.66916
143	0.517434	-2.478	-1.14706	1.62932	-0.18149
144	0.147358	5.25093	0.83511	-0.156794	-3.10152
145	1.54741	1.86475	-0.750437	-1.13422	-4.37264
146	-1.16806	0.422328	-0.505886	-0.409321	-2.01334
147	-0.875747	-1.81009	0.301004	-0.995575	-3.18617
148	2.35001	-2.65832	-1.12853	1.45556	3.43555
149	0.0691186	4.86617	4.17506	-1.03891	0.66714
150	-0.244386	-0.490482	-1.2151	0.410955	-1.37334
151	-0.0178177	-1.49125	-2.21802	-0.975186	-1.66482
152	-3.54868	-2.8599	-1.27114	-0.283458	0.923679
153	2.93049	-0.894594	-0.693097	1.77338	3.67483
154	1.29135	2.69429	2.38265	-1.33431	0.788452
155	-1.05289	-0.421322	2.77621	-1.13104	-0.0783964
156	-1.32819	-1.69271	-3.18108	0.0823887	0.182573
157	-0.661103	-1.71005	-2.91579	1.48047	3.19923
158	0.389751	0.482848	-1.6483	0.689337	0.657805
159	-0.0176677	0.58867	-7.80351	-0.230039	2.73236
160	-1.45919	2.85119	18.4245	0.873258	0.444838
161	-1.40481	1.06467	-5.32557	-0.959816	0.385672
162	-0.598698	0.611889	0.87991	1.20258	1.06484
163	2.31821	-1.38751	-3.61791	0.341998	1.28419
164	1.64422	-0.857335	1.27214	-1.18631	-8.25942
