VOLNUM	fmriSeriesEncode#1Run1_3.bxh	fmriSeriesEncode#1Run2_5.bxh	fmriSeriesEncode#1Run3_7.bxh	fmriSeriesEncode#1Run4_9.bxh	fmriSeriesEncode#1Run5_11.bxh
0	4.28891	4.08258	4.44798	5.34558	4.91859
1	3.92981	3.73583	4.80955	5.15013	4.58541
2	5.12252	4.02352	4.85076	4.9104	4.94977
3	4.58683	3.65177	4.45268	5.21028	5.00931
4	4.53942	3.72973	4.7821	5.18621	4.7291
5	4.49281	3.93125	4.8295	5.1596	4.68721
6	3.75071	3.71357	4.25484	5.06192	4.85182
7	4.18212	3.44314	4.2215	5.12794	4.33854
8	4.25633	3.77353	4.65449	4.88876	4.54134
9	3.65354	3.68152	4.59158	4.94589	4.57603
10	4.10731	3.4868	5.16419	4.90486	4.31607
11	3.88729	3.83896	4.9476	4.8473	4.75002
12	3.78768	3.66515	4.5	4.78969	4.49352
13	3.64278	4.1116	4.65231	4.5358	4.37357
14	3.60037	5.20268	4.6093	4.84356	4.21901
15	3.99792	4.95448	4.50826	4.65032	4.409
16	3.69316	4.79739	4.71624	4.52887	4.1165
17	3.88819	4.71707	4.5393	4.73071	4.28843
18	3.69685	3.7634	4.35338	4.66782	4.22092
19	3.76844	3.87854	4.51198	4.4959	4.36226
20	3.90514	3.76934	4.26873	4.67641	4.13358
21	3.58743	3.90576	4.26319	4.58746	4.48256
22	3.98647	3.75263	4.26055	4.38456	4.18675
23	4.07259	3.7157	4.438	4.49353	4.21031
24	3.75592	3.6037	4.06677	4.33306	4.41578
25	3.82003	3.57631	4.86901	4.36602	4.06274
26	3.86241	3.71596	5.68401	4.56813	3.97625
27	4.23779	3.60216	5.21725	4.43879	3.92089
28	3.90067	3.5107	4.90418	4.53461	4.17195
29	4.20301	3.69357	4.87791	4.40541	4.1643
30	4.26731	3.48726	4.75278	4.6118	4.48476
31	4.23416	3.65	4.72721	4.65479	4.01571
32	4.0564	3.53663	4.80812	4.57506	3.89804
33	4.28679	3.48196	4.67966	4.63147	4.17134
34	4.09729	3.66393	4.53335	4.67207	4.11813
35	4.00472	3.67261	4.67537	4.66356	4.31698
36	4.25968	4.01141	4.4727	4.68476	4.57396
37	4.02211	4.45453	4.50811	4.64841	4.76558
38	4.32429	3.56854	4.62279	4.54709	3.98555
39	4.9113	3.71574	4.46041	4.50646	4.12133
40	5.194	3.74343	4.35302	4.37375	3.94957
41	5.36977	3.65439	4.21427	4.54055	3.98107
42	5.26171	3.89927	4.28739	4.421	3.69974
43	4.57128	3.88868	4.35395	4.47769	3.84758
44	4.82547	4.3327	4.26798	4.46993	4.23021
45	4.80686	4.01474	4.25264	4.41954	4.10844
46	4.63637	3.99367	4.03624	4.4187	3.71897
47	4.4076	3.92206	4.11375	4.29613	3.70429
48	4.3827	4.09154	3.99304	4.33261	3.82902
49	4.312	4.27113	3.96643	4.28149	3.6697
50	4.7506	4.03239	4.17679	4.24232	4.09151
51	5.34807	4.00022	4.10251	3.94279	4.07068
52	5.07939	4.17401	3.98677	3.83586	4.15923
53	5.03854	4.14069	4.03176	3.77028	3.90552
54	5.14459	4.09197	3.91605	3.89472	3.73435
55	4.99343	4.14404	3.95043	4.01199	3.56702
56	4.71632	3.98544	4.00844	4.16825	3.68841
57	4.83806	4.04197	3.89675	4.06225	3.75964
58	4.77044	3.93083	4.07094	4.10888	3.73447
59	4.62067	3.88416	4.16396	4.11725	3.75513
60	4.75114	4.10704	4.32489	4.2279	3.7118
61	4.8135	4.02845	4.36159	4.34591	3.86799
62	4.57584	3.99237	4.33827	4.39164	3.69027
63	4.51139	3.94168	4.47829	4.36972	3.7834
64	4.4821	4.11764	4.67021	4.66065	4.40621
65	4.06795	3.87848	4.54078	4.36233	4.11603
66	5.00319	3.81147	4.16366	4.58606	4.03219
67	4.95793	3.99531	4.42504	4.65825	3.98117
68	4.30461	3.99566	3.96927	4.69677	4.2032
69	4.3416	4.45301	4.33978	4.78288	3.88406
70	4.82336	4.47388	3.97883	4.69915	4.44153
71	4.76394	3.95132	3.7779	4.62067	3.93787
72	4.80788	4.13152	3.93525	4.86521	3.99737
73	4.54664	4.0986	4.26324	4.95436	4.41245
74	4.44248	3.86823	4.1127	4.94533	4.30121
75	4.52233	3.70149	4.27762	4.59983	4.12528
76	4.76426	4.40382	4.92008	4.63422	4.2996
77	4.34631	4.64903	4.72574	4.41053	3.70789
78	4.38773	4.33706	4.91998	4.41855	3.65592
79	4.1316	4.37064	4.63365	4.12737	3.81283
80	4.02061	4.21742	4.77871	4.09376	3.6343
81	4.37127	4.34458	4.67975	4.05087	4.03908
82	4.22403	4.40589	4.62591	4.15543	3.77521
83	4.26715	4.06036	4.78925	4.23616	4.11991
84	4.39072	4.39	4.75911	3.97505	3.91389
85	3.92777	4.20761	4.62473	4.06583	4.74721
86	4.15569	4.30149	4.69206	4.10802	5.14632
87	4.42403	4.45913	4.57423	4.34219	4.56519
88	4.02803	3.90346	4.63695	4.30103	4.67953
89	3.92996	4.37675	4.36606	4.15497	4.65256
90	3.86277	3.81261	6.03849	4.32006	4.72645
91	4.03958	4.43007	5.91392	3.94397	4.67024
92	4.26372	4.4853	4.60063	4.03897	4.21166
93	3.85932	4.10755	4.4921	4.3988	4.31245
94	3.73584	3.90991	4.47572	4.05737	4.58066
95	3.67735	4.35042	4.10861	4.55414	4.41605
96	3.83964	3.97255	4.03287	3.86974	4.50345
97	4.41011	3.54034	4.49133	4.10364	4.6282
98	4.29543	3.69646	4.65345	4.19386	4.31514
99	4.20369	4.39734	4.71606	4.86779	4.25333
100	3.87286	3.87353	4.72648	4.50519	4.52744
101	4.02973	4.32648	4.82557	4.72596	4.16405
102	4.68519	3.89123	4.78276	4.34159	4.66361
103	4.34913	3.66535	4.86932	4.39951	4.88544
104	4.15232	3.39397	4.81744	4.56459	4.15981
105	3.98527	4.00341	4.91694	4.6085	4.31361
106	3.74788	3.78216	4.77016	4.42806	4.48112
107	3.82307	3.76888	4.75094	4.48167	4.34342
108	4.01417	3.92851	4.5555	4.63585	4.59293
109	4.4957	4.01222	4.57054	4.89954	4.46182
110	4.45078	3.85687	4.1671	4.74903	4.61556
111	4.79918	3.95914	3.90608	4.75203	4.43254
112	3.9743	3.73318	3.9234	4.73599	5.77814
113	4.0109	3.88311	4.08432	4.84818	4.89043
114	4.44117	3.89413	4.57629	4.62903	4.53275
115	4.29623	3.85998	4.66304	4.82707	4.59099
116	4.43876	4.01823	4.49774	4.62809	3.91994
117	4.62329	3.57106	4.1033	4.93239	4.37108
118	4.2977	3.69636	4.0185	4.51585	4.4711
119	4.32302	3.59209	4.40048	4.87796	4.17205
120	4.43909	3.61555	4.28191	4.48943	4.27565
121	4.49692	3.54833	4.35183	4.33069	4.00233
122	4.63098	3.60685	4.69275	4.31819	3.96924
123	4.5352	4.2679	4.3261	4.43215	3.92069
124	4.16682	3.79418	4.23817	4.55761	3.91424
125	4.28501	3.49097	4.55353	4.2807	4.37879
126	4.33638	3.37	4.50315	4.4397	3.62882
127	4.3935	3.5516	4.54822	3.98731	3.62621
128	4.51173	3.74671	4.69805	4.32065	4.09205
129	4.68291	3.44709	4.68024	3.91061	3.95247
130	4.32026	3.41514	4.46774	4.24081	3.77104
131	4.23963	3.54129	4.6094	4.21288	4.00253
132	4.52721	3.50485	4.56194	4.30239	4.23838
133	4.38236	4.08328	4.65461	4.48971	4.24334
134	4.24285	4.83846	4.4601	4.04806	4.74848
135	4.45309	4.89362	4.57199	4.75131	4.20685
136	4.67501	4.75085	4.62278	4.34233	4.601
137	4.56334	4.62105	4.61532	3.95547	4.15696
138	4.35808	4.56958	4.17214	4.0488	3.88994
139	4.7469	4.55661	4.26792	3.96557	4.16255
140	4.74942	4.56956	4.08284	4.07907	4.07126
141	4.52933	4.50701	4.67581	4.13084	4.06273
142	4.64648	4.43584	4.40427	3.97364	4.54821
143	4.71119	4.37607	4.40157	3.94018	4.13319
144	4.01757	4.28477	4.39279	4.14281	4.10193
145	4.07289	4.35744	4.54167	3.8437	4.11564
146	4.52071	4.2995	4.29935	4.08021	4.05478
147	4.50623	4.26058	4.442	3.96447	4.23441
148	4.76328	4.19124	4.45708	4.10905	4.29886
149	4.68028	3.97768	4.71684	3.89338	4.30694
150	4.29431	4.26577	3.97181	3.81763	4.12067
151	4.56256	4.07999	4.46811	4.04995	4.2525
152	4.75602	4.31142	4.03264	3.6955	4.6423
153	4.81727	4.15257	4.1929	3.99739	4.46638
154	5.03093	4.3727	4.09961	3.90717	4.44959
155	4.70739	4.05784	4.37934	3.63344	4.26962
156	4.55291	3.96014	3.82133	3.79538	4.83955
157	4.82706	4.26711	4.16964	3.90276	4.19539
158	4.35386	4.02851	4.13367	3.94986	4.59672
159	4.67941	4.26579	4.40279	3.79296	4.15827
160	4.76222	4.05058	5.99565	4.07507	4.32809
161	4.51892	4.4051	4.72283	3.8024	4.20372
162	4.55774	4.18711	4.74044	4.65915	4.34438
163	4.6589	4.0076	4.4759	4.66432	4.34005
164	4.75057	4.23427	4.42899	4.28605	4.20286
165	4.38365	4.07617	4.4026	4.45823	5.87023
