# Overall Threshold 1: [ -2.20467717039759 2.20468005851807 ]
# Overall Threshold 2: [ -4.40935578485542 4.40935867297591 ]
VOLNUM	fmriSeriesEncode_1Run1_3.bxh	fmriSeriesEncode_1Run2_5.bxh	fmriSeriesEncode_1Run3_7.bxh	fmriSeriesEncode_1Run4_9.bxh	fmriSeriesEncode_1Run5_11.bxh
0	2.54334	2.62036	3.38874	2.73119	1.5726
1	0.948454	1.73116	2.89719	1.88484	1.09072
2	0.452746	1.4926	2.64087	0.968959	1.00278
3	1.99922	1.72249	2.21735	2.26727	1.70932
4	1.89417	1.5937	2.18734	2.4562	2.15375
5	1.85017	1.44645	1.01141	2.82644	1.97023
6	1.51265	1.09277	0.116593	2.30986	1.2506
7	1.36783	0.951714	-0.332886	0.603977	0.518143
8	1.31446	1.14099	-0.836033	-0.517298	0.385752
9	1.16719	1.50051	-2.25548	-1.10827	1.39238
10	1.11354	1.35035	0.679316	-0.322097	2.09442
11	0.972434	0.870606	0.191813	0.295627	1.76881
12	0.277575	1.18554	-0.304113	-0.281694	1.24331
13	0.594658	0.792717	-1.03869	0.435784	0.324763
14	0.822074	1.71134	-2.21075	0.106734	0.741338
15	0.566681	1.79635	-2.68533	-0.525669	0.715859
16	0.892233	2.011	-2.69415	-0.732668	0.876024
17	0.189092	0.910478	-1.26189	-0.815155	0.285715
18	0.361525	-1.13144	-0.0584548	-1.19662	0.353009
19	0.980781	-1.5323	-0.389267	-1.08569	0.549318
20	0.76689	-0.0475145	-0.852132	-0.362605	0.665809
21	0.422563	0.468829	-1.71492	-0.652698	0.344884
22	0.363326	0.685465	-1.57015	-1.03663	0.169208
23	0.233488	0.337278	-0.969847	-1.01127	0.356625
24	0.127771	-1.06743	-0.365038	-1.28484	-0.474508
25	0.32006	0.244075	-0.471122	-0.375463	0.644709
26	0.142606	0.473089	-5.01791	0.114087	0.544021
27	-0.264639	0.45424	1.57461	0.0954617	0.439121
28	-0.277119	0.225047	-0.124018	-0.342015	-0.315034
29	-0.317044	-0.0630797	-0.0288351	-0.915573	-0.279153
30	-0.359452	0.0680167	-0.436064	0.00282404	0.465717
31	-0.0751394	-0.339426	-0.909873	-0.214663	0.636564
32	0.0912767	-0.549849	-0.637402	-0.0208019	0.0900159
33	0.0200679	-0.420997	-0.543191	-0.412854	-0.087097
34	0.0767899	-0.160798	-0.544514	-0.92224	-0.356889
35	0.162404	0.444789	-0.60788	-0.888357	0.109303
36	0.565018	1.26196	-0.173001	-0.547844	0.48889
37	0.809389	1.06901	0.118764	0.321192	0.799504
38	0.840607	-0.310764	0.108471	0.318914	0.15035
39	0.633425	-0.470936	0.124261	0.0677037	0.207847
40	1.07923	-0.779712	-0.682128	0.900342	0.26139
41	-3.5253	-0.842804	-0.409155	0.86483	0.101217
42	2.91304	-1.0555	0.484424	0.750242	-0.288797
43	2.25721	-1.13537	0.53583	0.0812417	-1.15936
44	1.50796	-1.1616	0.103619	-0.711627	-0.537508
45	1.3709	-0.582776	-0.415124	0.263252	-0.417552
46	0.540975	-0.912383	0.384326	0.55051	-0.221869
47	0.0430098	-1.13473	0.430712	0.0897956	-0.652332
48	0.269994	-1.49419	-0.225638	-0.285679	-1.13266
49	0.706956	-1.61492	-0.466757	-0.805567	-1.55148
50	1.02521	-0.723683	-1.16194	-0.579932	-0.87317
51	0.298952	-0.85685	0.251661	-0.330251	-0.703937
52	0.293788	-0.946205	0.303418	0.300584	-0.835256
53	1.11801	-0.833134	-0.245814	0.440515	-0.691033
54	0.940999	-0.656425	-0.646193	0.212034	-0.37386
55	0.720822	-0.687682	-0.679731	0.435565	-0.371862
56	0.425105	-0.547895	-0.369431	0.650847	-0.431189
57	-0.260685	-0.131764	0.0750975	0.729735	-0.0688612
58	-0.64002	-0.146396	0.201327	0.992935	-0.0218233
59	-0.665253	-0.84326	-0.0516347	1.42421	-0.0314186
60	-0.470242	-0.768596	-0.310063	1.63475	0.0463233
61	0.239152	-0.288628	0.0118349	1.57136	0.0551854
62	0.455905	0.0352793	0.998411	1.80282	0.221005
63	0.542136	0.187072	1.32024	1.14373	0.0870781
64	0.460876	0.169435	1.28707	0.57635	0.418482
65	-0.228386	-0.0552684	0.297553	-0.0407013	0.958706
66	0.385851	0.516978	0.0539531	0.32884	0.88834
67	0.366335	0.973444	0.0793793	0.247434	0.446661
68	0.12433	0.448046	-0.296803	-0.110799	-0.31339
69	-0.388693	-0.542715	-0.683046	-0.385532	-1.31648
70	-0.355974	-1.13616	-1.36604	-0.529501	-0.686456
71	1.00891	-0.0525457	-1.00762	-0.532407	-0.724237
72	0.994698	0.619543	-1.23566	-0.498982	-1.23237
73	0.502572	0.404399	-1.54793	-0.139186	-1.39335
74	0.0242037	0.315575	-1.40403	0.107594	-1.24918
75	-0.949915	-0.245566	-0.857687	-0.120811	-0.920954
76	-0.423428	-0.230412	0.0417462	-0.102076	-0.899561
77	0.311728	0.963833	0.489005	-1.72025	-0.63324
78	0.135866	0.707277	0.529419	-1.32529	-0.608797
79	-0.121772	0.122652	0.484851	-1.08367	-0.568929
80	-0.240672	0.00182967	0.493812	0.123272	-0.744486
81	0.154597	-0.19261	0.437467	0.64822	-0.831882
82	0.245326	-0.0664093	0.464003	0.592898	-0.807408
83	0.288458	-0.0352264	0.528946	0.105133	-0.739863
84	0.0142376	-0.402337	0.782434	-0.307081	-0.506199
85	-0.172597	-0.198734	0.549262	-0.294941	0.257668
86	-0.126175	-0.102498	1.40223	-0.413104	1.05467
87	-0.289823	0.117585	1.58988	0.0792159	1.78207
88	0.0677413	-0.11026	1.7213	0.436149	1.77947
89	0.285277	-0.376571	0.832025	0.400438	1.13163
90	0.622838	-0.41223	-2.86528	-0.187252	0.233208
91	-0.45966	0.367732	-0.240732	-0.155597	-0.155774
92	-0.732004	0.356827	-0.621267	-0.0327312	0.138694
93	-0.409529	0.138898	0.118635	-0.200373	-0.0625505
94	-0.455745	0.111111	0.386667	-0.384689	-0.510437
95	-0.488994	0.00981428	-0.212455	-1.11687	-0.832969
96	-0.319207	0.0581235	-0.790489	-0.712286	-0.592416
97	-0.54824	0.0590938	-1.18872	-0.434677	-1.07306
98	-0.646044	-0.0583016	-1.24876	-0.933972	-0.0726484
99	0.0484298	-0.144505	-0.496827	-0.875807	0.0164853
100	-0.113531	-0.612628	0.152993	-0.706141	-0.143339
101	-0.35539	-0.229754	0.614051	-0.753192	-0.413616
102	-0.905749	0.335839	0.732646	-0.54142	-0.830372
103	0.0158081	-0.199808	0.759922	-0.826604	-0.909601
104	0.261876	-0.391449	0.469791	-1.02352	0.230577
105	0.113165	-0.51415	0.85629	-0.923351	0.285586
106	0.089136	-0.446078	1.21079	-0.412152	-0.0858621
107	-0.0869641	-0.475346	1.62263	-0.00834805	-0.553643
108	-0.0788401	-0.875258	1.85112	0.273099	-0.5992
109	0.202753	-1.1903	0.792206	-0.0800104	-0.508171
110	0.837612	-1.2295	0.477052	0.122087	-0.344034
111	0.64075	-1.21245	-0.147945	0.30256	-0.322742
112	0.173518	-0.539689	-0.404247	0.614188	-0.967983
113	-0.278568	-0.385598	-0.921542	0.92088	0.542629
114	-0.779569	-0.264438	-0.9899	1.15303	0.0859539
115	-1.37453	-0.0841869	-1.29955	1.55432	-0.0774735
116	-1.7292	0.12666	-1.13076	1.51219	-0.515068
117	-2.3052	0.12066	-0.587878	1.67761	0.252215
118	-1.46739	0.403529	-0.548603	1.30797	0.12139
119	-1.44118	0.245156	-0.569959	0.899757	-0.113287
120	-1.51043	-0.106234	-0.209553	0.454605	-0.374457
121	-1.48438	-0.691713	0.403031	-0.116599	-0.33265
122	-2.62566	0.219212	-0.176865	-0.469257	-0.254037
123	-0.512106	0.113079	0.549636	-0.554025	0.15731
124	-0.629845	0.0574067	1.19842	-0.773699	-0.153727
125	-1.07137	-0.164967	1.08772	-0.699961	-0.686056
126	-1.12824	-0.25442	0.930161	-0.921353	-1.13137
127	-1.08772	-1.26192	1.41807	-0.855248	-1.45968
128	-1.03767	-0.395348	0.35394	0.154973	-0.289301
129	-0.139054	0.0602394	1.11255	0.172416	0.310389
130	-0.14054	-0.46094	1.30323	0.0230114	0.043282
131	-0.690518	-0.955259	0.844725	-0.26134	-0.130119
132	-0.875489	-1.3135	0.186128	0.0754125	-0.481435
133	-0.778055	-0.923175	-0.183814	0.617925	-0.178842
134	-0.652291	-0.777653	-0.0700818	0.623266	0.0428069
135	-0.774073	-0.0230325	-0.336651	0.93948	0.637853
136	-0.921245	-0.295797	-0.385557	0.634555	0.628899
137	-0.775051	-0.3112	-0.0413001	0.569305	-0.13802
138	-0.579234	0.0764944	0.612185	0.631958	-0.527844
139	-0.578852	0.197009	0.429473	0.483911	-0.320587
140	0.142163	0.316366	0.163159	0.663617	0.652827
141	0.251952	0.264096	0.100005	-0.327464	0.748612
142	-0.681042	-0.0426762	0.181002	-0.722163	0.684497
143	-0.287113	-0.35584	1.08593	0.0385336	1.27998
144	-0.200111	-0.738829	0.702735	0.40282	1.36581
145	-0.149936	0.401325	0.947707	0.22911	0.633614
146	0.0999026	1.05785	0.711036	-0.104457	-0.355759
147	-0.308184	1.18627	0.535171	-0.405931	-0.949325
148	-0.434758	0.743837	0.399343	-0.696914	-1.65703
149	0.0828427	-0.0118182	0.211693	-0.384113	-0.807527
150	0.0430038	1.33117	1.17142	-0.632281	-0.534814
151	-0.0862298	1.26808	0.811807	-0.637652	-0.785552
152	-0.227142	0.818433	0.312867	-0.980082	-1.23527
153	-1.16766	0.0667428	-0.311757	-1.14773	-0.995817
154	-0.383353	-0.223697	-0.574815	-0.671107	-0.0269507
155	-0.0151492	0.46379	0.0709918	-1.03771	0.129928
156	-0.246577	0.293935	0.676134	-1.40323	-0.0756602
157	-0.463906	-0.045931	0.00474723	-1.32958	-0.0994802
158	-0.703288	-0.620797	-0.726127	-0.995666	0.505839
159	-0.661761	-0.692668	-1.09326	-0.658754	0.545471
160	-0.447208	-0.662286	-2.68478	-0.623093	1.05207
161	-0.870939	-0.0281985	1.24483	-0.379036	0.873325
162	-1.10492	0.241937	0.0496448	-0.154856	0.547486
163	-1.077	0.277948	0.302916	0.136725	0.604509
164	-0.497274	-0.0562735	-0.338026	0.314582	0.389009
165	-0.0087548	-0.357861	-0.0861088	0.346845	-1.62262
