VOLNUM	fmriSeriesEncode#1Run1_3.bxh	fmriSeriesEncode#1Run2_5.bxh	fmriSeriesEncode#1Run3_7.bxh	fmriSeriesEncode#1Run4_9.bxh	fmriSeriesEncode#1Run5_11.bxh
0	116.938	116.673	116.976	116.556	116.925
1	116.952	116.657	116.888	116.586	116.954
2	117.192	116.624	116.895	116.505	116.981
3	116.969	116.673	116.957	116.567	116.998
4	117.007	116.647	116.939	116.553	117.015
5	117.04	116.621	116.908	116.601	116.951
6	117.025	116.637	116.971	116.606	116.924
7	116.892	116.635	116.951	116.551	116.917
8	116.9	116.598	116.832	116.555	116.864
9	116.918	116.667	116.923	116.518	116.892
10	116.837	116.666	116.828	116.501	116.946
11	116.844	116.578	117.048	116.517	116.875
12	116.9	116.653	117.115	116.538	116.884
13	116.98	116.632	117.045	116.639	116.941
14	116.981	116.689	116.973	116.503	116.939
15	116.886	116.772	116.941	116.555	116.882
16	116.927	116.748	116.865	116.576	116.92
17	116.95	116.694	116.97	116.526	116.87
18	117.072	116.708	116.963	116.545	116.99
19	117.015	116.772	116.903	116.633	116.926
20	116.963	116.707	116.948	116.552	116.972
21	117.013	116.65	116.884	116.596	116.939
22	116.942	116.693	116.948	116.598	116.951
23	116.905	116.697	116.95	116.531	116.956
24	117.015	116.683	116.971	116.581	116.979
25	117.019	116.677	117.165	116.6	117.015
26	116.975	116.647	117.811	116.574	116.929
27	116.891	116.706	116.795	116.623	116.955
28	116.926	116.696	116.941	116.569	116.864
29	116.914	116.627	116.915	116.412	116.834
30	116.888	116.634	116.887	116.53	116.822
31	116.897	116.591	116.884	116.467	116.884
32	116.901	116.622	116.853	116.518	116.938
33	116.85	116.632	116.864	116.509	116.95
34	116.883	116.609	116.874	116.5	116.926
35	116.897	116.683	116.847	116.522	116.976
36	116.82	116.686	116.903	116.521	116.814
37	116.885	116.514	116.944	116.549	116.872
38	116.985	116.721	116.915	116.585	116.963
39	117.041	116.714	116.962	116.627	116.924
40	117.016	116.654	116.95	116.643	116.984
41	117.186	116.711	117.029	116.544	116.916
42	116.887	116.748	117.056	116.631	116.92
43	116.994	116.699	116.992	116.6	116.939
44	116.955	116.797	117.058	116.593	117.013
45	117.015	116.746	117.058	116.65	116.9
46	116.93	116.631	116.99	116.572	116.977
47	116.876	116.67	116.95	116.572	116.888
48	116.93	116.633	116.942	116.572	116.909
49	116.955	116.683	116.958	116.555	116.97
50	116.958	116.699	116.974	116.529	116.956
51	117.024	116.652	117.049	116.496	116.934
52	117.048	116.702	117	116.546	116.923
53	116.935	116.686	117.029	116.51	116.977
54	116.973	116.646	116.985	116.475	116.932
55	116.967	116.658	116.914	116.468	116.929
56	116.938	116.606	116.931	116.491	116.899
57	116.834	116.671	116.952	116.514	116.884
58	116.852	116.705	116.94	116.532	116.889
59	116.867	116.627	116.926	116.559	116.87
60	116.822	116.657	116.879	116.604	116.882
61	116.874	116.63	116.912	116.575	116.853
62	116.931	116.594	116.954	116.603	116.905
63	116.913	116.663	116.886	116.599	116.848
64	116.824	116.643	117.081	116.608	116.997
65	116.99	116.631	116.971	116.505	116.935
66	117.035	116.749	117.012	116.609	116.941
67	117.06	116.752	116.972	116.58	116.982
68	117.02	116.673	116.918	116.577	116.927
69	116.862	116.651	116.985	116.571	116.996
70	117.003	116.651	117.051	116.567	117.013
71	117.001	116.69	117.018	116.543	116.934
72	116.944	116.712	116.967	116.526	116.919
73	116.964	116.665	116.981	116.56	116.905
74	116.929	116.688	116.95	116.59	116.905
75	117.037	116.711	116.955	116.595	116.92
76	117.052	116.788	116.998	116.554	116.98
77	116.984	116.694	117.045	116.54	116.924
78	117.004	116.748	116.985	116.558	116.948
79	116.992	116.69	116.914	116.48	116.934
80	116.924	116.68	116.904	116.546	116.902
81	116.884	116.651	116.907	116.554	116.913
82	116.911	116.649	116.925	116.59	116.889
83	116.917	116.646	116.913	116.54	116.891
84	116.823	116.573	116.971	116.535	116.889
85	116.872	116.612	116.933	116.547	116.904
86	116.885	116.62	117.01	116.499	116.938
87	116.821	116.591	116.937	116.559	116.822
88	116.908	116.61	117.075	116.507	116.882
89	116.926	116.568	116.935	116.48	116.914
90	116.895	116.669	117.241	116.625	116.885
91	116.986	116.703	116.88	116.561	117.006
92	117.027	116.725	116.937	116.605	116.957
93	116.941	116.727	116.944	116.591	116.996
94	116.903	116.692	117.023	116.502	116.977
95	116.942	116.623	116.934	116.621	116.923
96	116.957	116.764	116.935	116.559	116.958
97	117.081	116.701	116.901	116.591	116.987
98	117.043	116.712	116.854	116.554	116.943
99	117.016	116.703	116.922	116.592	116.939
100	116.965	116.714	116.966	116.552	116.967
101	117.005	116.746	117.012	116.621	116.915
102	117.021	116.747	116.993	116.557	116.901
103	116.973	116.664	117.033	116.552	117.001
104	116.961	116.698	116.989	116.553	116.881
105	116.872	116.728	117.016	116.523	116.925
106	116.931	116.635	117.022	116.568	116.889
107	116.91	116.633	117.045	116.531	116.858
108	116.871	116.634	117.078	116.527	116.863
109	116.977	116.593	116.827	116.514	116.775
110	116.866	116.605	116.931	116.527	116.841
111	116.762	116.602	116.969	116.504	116.782
112	116.903	116.635	116.969	116.494	117.166
113	116.943	116.659	116.932	116.549	116.853
114	116.875	116.708	116.954	116.537	116.932
115	116.919	116.609	116.848	116.623	116.941
116	117.001	116.552	116.978	116.572	116.977
117	117.026	116.689	116.916	116.649	116.994
118	116.965	116.72	116.93	116.53	116.962
119	116.946	116.649	116.96	116.617	116.968
120	116.977	116.702	116.97	116.525	116.933
121	116.954	116.712	116.942	116.56	116.915
122	116.944	116.705	117.042	116.602	117.001
123	117.06	116.703	117.035	116.58	116.97
124	116.992	116.757	116.975	116.539	116.997
125	116.866	116.643	117.013	116.504	116.933
126	116.932	116.667	116.916	116.527	116.932
127	116.983	116.697	116.972	116.542	116.944
128	117.02	116.786	117.008	116.606	116.977
129	117.075	116.681	117.074	116.545	116.911
130	116.946	116.722	117.001	116.563	116.909
131	116.908	116.747	117.052	116.536	116.893
132	116.941	116.712	117.017	116.539	116.807
133	116.855	116.712	116.936	116.596	116.843
134	116.84	116.546	116.916	116.48	116.864
135	116.89	116.645	116.877	116.634	116.897
136	116.901	116.646	116.883	116.551	116.848
137	116.867	116.517	116.904	116.567	116.886
138	116.919	116.606	116.974	116.569	116.882
139	116.973	116.671	116.973	116.527	116.853
140	117.017	116.641	116.949	116.541	116.921
141	116.925	116.661	116.94	116.468	116.862
142	116.99	116.597	116.915	116.567	116.997
143	117.01	116.627	116.978	116.619	116.997
144	116.906	116.682	116.976	116.518	116.926
145	116.927	116.686	117.019	116.573	116.987
146	116.948	116.687	116.944	116.581	116.956
147	116.953	116.674	116.968	116.553	116.979
148	117.001	116.743	116.938	116.615	117.005
149	116.974	116.72	117.081	116.514	117.028
150	116.863	116.741	117.005	116.588	116.983
151	116.944	116.699	117.03	116.485	116.97
152	116.981	116.725	116.932	116.504	116.923
153	116.953	116.678	116.971	116.641	116.999
154	117.041	116.7	116.972	116.557	117.027
155	116.932	116.689	117.006	116.56	116.991
156	116.948	116.679	116.939	116.572	117.001
157	116.973	116.692	116.954	116.554	116.938
158	116.904	116.628	116.868	116.539	116.92
159	116.934	116.678	116.874	116.577	116.825
160	116.939	116.601	117.345	116.503	116.782
161	116.875	116.672	116.813	116.573	116.707
162	116.906	116.659	116.917	116.517	116.633
163	116.903	116.66	116.951	116.598	116.574
164	116.941	116.714	116.965	116.654	116.479
165	116.94	116.654	116.958	116.555	116.92
