VOLNUM	fmriSeriesEncode#1Run1_3.bxh	fmriSeriesEncode#1Run2_5.bxh	fmriSeriesEncode#1Run3_7.bxh	fmriSeriesEncode#1Run4_9.bxh	fmriSeriesEncode#1Run5_11.bxh
0	108.492	108.275	108.202	108.127	108.214
1	108.487	108.298	108.212	108.137	108.191
2	108.471	108.294	108.224	108.13	108.189
3	108.459	108.285	108.238	108.067	108.208
4	108.451	108.28	108.229	108.03	108.215
5	108.445	108.271	108.214	108.054	108.219
6	108.444	108.27	108.218	108.062	108.219
7	108.465	108.288	108.221	108.058	108.23
8	108.473	108.289	108.236	108.059	108.219
9	108.475	108.288	108.169	108.038	108.229
10	108.483	108.296	108.092	108.032	108.227
11	108.446	108.285	108.114	108.016	108.212
12	108.503	108.268	108.133	108.001	108.206
13	108.528	108.302	108.156	108.048	108.203
14	108.493	108.288	108.129	108.049	108.202
15	108.498	108.305	108.142	108.042	108.205
16	108.445	108.295	108.158	108.035	108.195
17	108.436	108.277	108.162	108.009	108.215
18	108.476	108.234	108.183	108.029	108.191
19	108.498	108.292	108.166	108.028	108.185
20	108.504	108.304	108.156	108.034	108.174
21	108.496	108.317	108.147	108.003	108.155
22	108.46	108.306	108.123	108.007	108.148
23	108.457	108.236	108.109	107.982	108.153
24	108.43	108.239	108.102	107.984	108.138
25	108.439	108.261	108.061	108.012	108.175
26	108.451	108.252	107.971	108.013	108.176
27	108.459	108.251	108.117	108.001	108.167
28	108.474	108.277	108.103	107.999	108.159
29	108.489	108.277	108.11	107.928	108.19
30	108.491	108.268	108.107	107.894	108.168
31	108.493	108.277	108.1	107.95	108.165
32	108.494	108.268	108.097	107.956	108.16
33	108.49	108.275	108.109	107.959	108.166
34	108.482	108.29	108.118	107.949	108.167
35	108.476	108.27	108.103	107.939	108.179
36	108.483	108.237	108.111	107.929	108.18
37	108.466	108.238	108.114	107.936	108.171
38	108.421	108.266	108.12	107.898	108.181
39	108.388	108.283	108.11	107.902	108.193
40	108.289	108.277	108.093	107.9	108.172
41	108.488	108.271	108.111	107.889	108.155
42	108.232	108.255	108.124	107.889	108.144
43	108.278	108.23	108.129	107.875	108.134
44	108.346	108.241	108.06	107.875	108.141
45	108.33	108.252	108.105	107.883	108.166
46	108.355	108.242	108.107	107.878	108.163
47	108.33	108.226	108.096	107.859	108.162
48	108.317	108.255	108.075	107.871	108.156
49	108.316	108.245	108.014	107.879	108.125
50	108.233	108.246	107.99	107.882	108.175
51	108.139	108.238	108.03	107.812	108.168
52	108.255	108.236	108.01	107.822	108.166
53	108.269	108.22	108.011	107.836	108.158
54	108.265	108.208	108.005	107.835	108.148
55	108.27	108.216	108.024	107.839	108.151
56	108.285	108.227	108.032	107.825	108.143
57	108.296	108.232	108.038	107.822	108.152
58	108.289	108.229	108.11	107.863	108.161
59	108.298	108.225	108.136	107.952	108.167
60	108.29	108.233	108.133	107.894	108.162
61	108.276	108.232	108.127	107.87	108.159
62	108.261	108.23	108.118	107.867	108.143
63	108.232	108.212	108.09	107.872	108.152
64	108.18	108.192	108.07	107.97	108.128
65	108.154	108.192	108.101	107.995	108.131
66	108.251	108.212	108.107	107.991	108.135
67	108.266	108.205	108.118	108.042	108.134
68	108.22	108.197	108.089	108.025	108.137
69	108.217	108.183	108.08	108.041	108.117
70	108.291	108.119	108.113	108.006	108.122
71	108.247	108.151	108.096	108.018	108.12
72	108.259	108.153	108.101	108.032	108.116
73	108.227	108.137	108.1	108.06	108.107
74	108.146	107.996	108.082	108.086	108.091
75	108.083	107.724	108.076	108.106	108.108
76	108.154	107.773	108.092	108.109	108.127
77	108.164	107.858	108.093	108.125	108.128
78	108.155	107.851	108.146	108.149	108.124
79	108.168	107.877	108.145	108.148	108.129
80	108.171	107.874	108.149	108.139	108.131
81	108.18	107.878	108.145	108.128	108.125
82	108.187	107.886	108.108	108.124	108.108
83	108.189	107.888	108.094	108.127	108.117
84	108.171	107.883	108.055	108.135	108.125
85	108.185	107.878	108.056	108.135	108.135
86	108.174	107.881	108.071	108.146	108.142
87	108.197	107.887	108.067	108.134	108.151
88	108.168	107.916	108.054	108.141	108.156
89	108.155	107.915	108.048	108.14	108.149
90	108.121	107.925	107.949	108.126	108.141
91	108.185	107.938	108.02	108.14	108.123
92	108.185	107.927	108.05	108.127	108.12
93	108.183	107.923	108.049	108.124	108.125
94	108.176	107.912	108.016	108.12	108.117
95	108.165	107.919	108.018	108.097	108.092
96	108.11	107.917	108.029	108.081	108.09
97	108.038	107.857	108.065	108.061	108.107
98	108.163	107.901	108.08	108.067	108.122
99	108.17	107.885	108.09	108.055	108.115
100	108.15	107.914	108.069	108.039	108.104
101	108.08	107.951	108.046	108.05	108.088
102	108.131	107.935	108.055	108.043	108.115
103	108.194	107.914	108.056	108.043	108.113
104	108.179	107.911	108.076	108.022	108.117
105	108.153	107.918	108.063	107.997	108.115
106	108.135	107.883	108.063	107.984	108.116
107	108.145	107.887	108.072	108.05	108.112
108	108.137	107.896	108.041	108.086	108.115
109	108.123	107.878	108.112	108.058	108.134
110	108.107	107.877	108.116	108.041	108.136
111	108.139	107.892	108.112	108.046	108.136
112	108.134	107.895	108.113	108.067	108.08
113	108.138	107.89	108.11	108.049	108.1
114	108.125	107.893	108.104	108.038	108.084
115	108.07	107.869	108.124	108.03	108.092
116	108.021	107.862	108.141	108.028	108.105
117	108.097	107.887	108.143	108.019	108.109
118	108.126	107.877	108.134	108.034	108.105
119	108.134	107.854	108.115	108.049	108.092
120	108.122	107.815	108.115	108.061	108.07
121	108.039	107.843	108.123	108.07	108.121
122	108.132	107.828	108.133	108.078	108.111
123	108.175	107.809	108.145	108.07	108.106
124	108.156	107.825	108.13	108.062	108.087
125	108.134	107.808	108.127	108.059	108.08
126	108.108	107.791	108.107	108.085	108.052
127	108.035	107.828	108.093	108.091	108.023
128	108.115	107.814	108.083	108.105	108.046
129	108.102	107.805	108.094	108.095	108.037
130	108.112	107.8	108.09	108.095	108.035
131	108.096	107.808	108.07	108.1	108.029
132	108.091	107.79	108.063	108.113	108.037
133	108.103	107.838	108.071	108.094	108.037
134	108.094	107.938	108.069	108.115	108.069
135	108.088	107.988	108.061	108.102	108.072
136	108.087	107.993	108.072	108.111	108.072
137	108.081	107.991	108.068	108.106	108.06
138	108.073	107.968	108.053	108.12	108.052
139	108.089	107.972	108.03	108.124	108.053
140	108.059	107.95	108.037	108.137	108.053
141	108.008	107.955	108.042	108.149	108.011
142	108.046	107.93	108.056	108.142	107.99
143	108.066	107.894	108.061	108.141	107.965
144	108.093	107.884	108.064	108.166	107.952
145	108.094	107.922	108.072	108.159	107.936
146	108.064	107.91	108.076	108.137	107.912
147	108.083	107.886	108.044	108.136	107.916
148	108.059	107.81	108.02	108.153	107.944
149	108.079	107.836	107.991	108.17	107.965
150	108.078	107.855	107.993	108.15	107.958
151	108.062	107.864	108.009	108.174	107.959
152	108.027	107.853	107.984	108.148	107.951
153	108.052	107.838	107.973	108.174	107.924
154	108.043	107.859	107.956	108.171	107.939
155	108.037	107.861	108.02	108.171	107.924
156	108.03	107.843	108.018	108.172	107.931
157	108.038	107.839	107.997	108.161	107.936
158	108.053	107.844	107.972	108.159	107.933
159	108.041	107.851	107.994	108.158	107.937
160	108.035	107.85	107.979	108.166	107.924
161	108.008	107.864	108.005	108.187	107.928
162	108.018	107.854	108	108.15	107.951
163	108.024	107.842	107.991	108.136	107.957
164	108.051	107.837	108.007	108.155	107.937
165	108.054	107.822	108.004	108.141	107.812
