# Overall Threshold 1: [ -8.06913918870712 8.06907247394348 ]
# Overall Threshold 2: [ -16.1382450200324 16.1381783052688 ]
VOLNUM	fmriSeriesMoCoSeries_3.bxh	fmriSeriesMoCoSeries_5.bxh	fmriSeriesMoCoSeries_7.bxh	fmriSeriesMoCoSeries_9.bxh	fmriSeriesMoCoSeries_11.bxh
0	-0.144169	-2.17813	-1.98503	-1.43868	-1.72415
1	-2.04318	-0.724892	-1.20612	0.0382161	-0.682969
2	0.0765206	-0.145314	0.151916	-1.24186	0.202699
3	-0.114238	-0.24872	-0.62133	-0.659489	-0.126158
4	0.457586	0.48677	1.31224	0.917693	0.711778
5	0.486536	0.707261	0.412201	0.995834	0.736729
6	-1.20663	0.123364	0.28729	0.434949	-0.53438
7	0.437192	0.138103	0.259821	-0.958656	0.397772
8	0.286028	0.268931	0.226738	0.541779	0.708282
9	1.32126	0.435693	0.594423	0.655038	1.29758
10	-2.5655	0.30959	1.00765	1.98197	0.47644
11	2.85471	-3.99656	-4.62933	-2.71281	-3.33802
12	-0.101395	5.42107	2.78494	-0.34382	1.67827
13	2.58088	3.23004	2.41763	2.89509	0.0328682
14	0.136984	1.70708	0.170244	2.75762	-0.0972643
15	1.13131	-0.303717	0.661487	-3.20386	0.178241
16	-0.6164	1.27363	0.796086	1.09156	0.14242
17	-0.87101	-4.95863	-3.29023	-1.80645	-2.11332
18	0.776724	0.357617	2.77275	3.86935	3.40182
19	0.641062	-0.918549	0.169737	0.0654668	-0.0505458
20	-0.901332	0.0732322	-0.287484	-1.66755	0.548292
21	-1.07072	-1.13021	0.0344284	-1.84919	-1.22506
22	-3.71769	-2.58823	-5.38695	-2.37559	-0.991359
23	0.918945	0.633776	2.76069	-1.77688	0.482902
24	0.568024	1.78393	0.817727	1.96048	-0.338439
25	-1.06878	0.325345	-0.45667	0.988997	-0.250724
26	0.608945	-1.21449	0.493327	0.293415	0.10104
27	-1.63439	0.729641	-0.246545	0.327063	0.162154
28	0.731458	-0.871788	0.608147	0.0857718	-0.67774
29	-0.450649	0.08408	-1.20861	-0.531644	-0.720274
30	1.21901	-0.548481	0.915156	0.0615661	0.91065
31	0.343995	0.554391	-2.12736	0.0856338	-0.0469801
32	1.12111	0.0128503	0.76665	-0.17151	0.415104
33	-0.0886412	1.0342	0.188682	0.424482	0.285402
34	1.17295	1.04104	-0.0912118	0.610341	-0.115495
35	-0.324557	-0.791417	0.0893956	1.04736	-1.49977
36	0.653902	1.26544	0.687712	1.26582	1.83548
37	-3.5912	-3.94133	-4.44432	-3.44588	-1.07184
38	3.13624	4.54136	5.03857	-1.76984	0.66284
39	0.344133	-0.0887621	-10.2688	2.69035	6.1142
40	1.00589	-0.701106	14.8091	-0.365075	-4.44909
41	0.53584	0.222658	-2.99042	-0.502055	-0.433125
42	-1.95323	-0.331122	-1.9066	1.20812	-0.443933
43	-3.09213	-3.087	-4.52274	-1.72231	-2.20892
44	1.08645	2.78962	4.6364	0.644794	0.52889
45	1.81759	0.237554	2.53613	-0.00176547	-0.670325
46	-0.307193	-0.658978	1.9445	1.24603	-1.34115
47	0.0332466	1.03689	0.331192	0.367026	0.747422
48	-2.90309	-1.60193	-4.18334	0.644438	-2.64876
49	2.68968	-1.09507	-0.0384084	-3.18005	1.34642
50	-0.751845	0.990723	-0.247531	2.09759	2.27795
51	0.912749	1.13027	-1.14273	0.735869	1.48432
52	0.402382	-0.126082	-0.245531	-0.942716	1.75465
53	-1.35201	0.833124	-0.104333	1.41529	1.33913
54	0.458211	-0.310588	-1.07809	-1.98423	0.593247
55	-0.194291	-0.255108	0.911725	0.834238	0.963043
56	0.45154	-1.89419	0.10462	-0.791492	-0.987257
57	0.0330151	1.38601	-0.20154	1.25583	-1.28871
58	-1.16385	-0.621672	0.522882	-0.299463	-0.342923
59	-0.879064	0.372734	0.363015	-0.0282022	-2.65636
60	0.579134	0.294854	-1.76793	-1.03707	-1.22964
61	0.940531	-1.21525	0.52814	-0.272173	-1.93328
62	0.286936	0.346053	2.04131	-1.18361	-0.296189
63	-2.40864	-2.47822	-0.744444	-1.30138	-0.542688
64	1.72808	0.854497	-1.15518	1.27588	2.1678
65	1.03426	0.620044	0.0599631	1.82761	1.14059
66	1.10115	0.16728	2.10795	1.21495	0.0986728
67	0.618679	0.599124	-0.402329	-5.48039	1.31948
68	-1.12702	0.669489	0.326978	-8.48428	1.1317
69	-0.492406	-2.25089	-3.06475	14.7149	-1.15044
70	1.31762	2.64261	4.0997	-0.0722488	0.431954
71	0.344395	1.63223	0.0213837	0.502849	-0.696075
72	-1.6423	-1.14616	0.278371	0.52224	0.582252
73	-0.0299539	-0.450977	0.0980562	0.870431	0.328906
74	-3.56854	-1.28523	-3.21339	-2.43056	-1.73483
75	2.3109	5.20287	0.542585	0.992594	1.96585
76	1.28777	-0.765407	1.46533	2.13164	0.315944
77	-1.24432	-0.364292	-0.82041	-1.28019	0.615988
78	0.660064	-0.378504	-0.808118	-1.19312	-0.0236036
79	0.358446	0.409745	0.101939	-1.27184	-1.55281
80	0.412994	2.35225	-0.819607	-2.60794	-0.883976
81	-0.30011	-4.33605	0.837448	-0.269796	-1.09454
82	0.00706873	-4.59289	-0.350461	-0.441912	0.260855
83	-1.39343	-1.4454	-0.073143	0.310191	-0.858101
84	0.749954	-0.17531	1.06221	0.396537	0.279352
85	-0.425494	0.135932	-0.509856	0.15177	-0.0757702
86	-0.638281	1.45856	-0.197394	-0.159382	0.616527
87	0.883068	0.935991	-0.34796	0.377599	0.666839
88	-0.308317	1.23636	1.19856	-0.197989	1.20233
89	-1.84505	-1.87745	-4.11085	0.529488	-0.625656
90	2.06903	3.07174	1.60311	2.08858	1.60857
91	1.67	2.09061	2.11641	-1.56916	0.399185
92	-0.271645	-0.198056	0.821946	-0.0121082	-2.17007
93	0.307711	1.35878	1.21583	3.48376	-0.0832897
94	-0.164284	-2.3541	1.70011	-8.45618	-1.0522
95	-1.78996	-0.484048	-5.68486	6.62405	1.17237
96	1.2074	1.89747	4.58027	2.38832	0.648891
97	1.58968	1.63765	0.329636	-0.457504	0.516741
98	-1.70205	-1.63805	0.581213	-0.259112	-1.50438
99	0.793045	0.171582	-2.55577	-1.36349	1.28811
100	-0.573163	-5.22715	-0.233646	-4.35307	-3.26737
101	-2.00219	0.790584	-3.48346	3.74327	0.992798
102	1.95774	1.71933	1.35964	-0.0977588	2.39429
103	-1.08676	0.311223	-0.413227	0.585988	0.502162
104	1.77269	-0.0433335	1.45142	-0.4739	-0.551668
105	-1.59197	-0.440417	0.765461	-0.945122	1.16386
106	0.122527	0.0816868	-0.919906	-0.886396	-2.01911
107	-0.869721	-0.942353	-0.973318	-0.539877	0.283792
108	0.283632	-0.0691887	-0.299119	0.811833	-2.14482
109	0.738664	0.27248	-0.196916	-0.0798008	0.0491672
110	0.200154	0.27484	-1.44189	1.14869	0.654435
111	-0.672046	0.40226	0.511708	0.0339309	0.203324
112	-0.0864585	1.38901	2.23608	-0.619366	0.477766
113	-0.485481	-0.064977	2.65278	0.213177	1.40855
114	0.535292	-0.655654	0.6227	-0.385691	-1.22727
115	-1.93824	-2.49374	-0.689947	-1.02651	1.11527
116	3.90696	2.50901	-1.40332	0.863287	-3.70369
117	1.24071	0.959966	3.10228	0.0240117	4.20822
118	2.30337	-0.292973	-0.0929012	0.407129	-0.819383
119	-1.11222	1.60919	0.104038	0.538637	0.963769
120	-1.82322	-0.380927	-2.1331	0.360638	-0.519723
121	-6.09989	-5.01888	-4.56376	-1.4678	-1.80308
122	3.85945	3.0211	1.29096	-0.0776471	1.65075
123	0.566301	1.62235	1.33653	2.14587	0.379782
124	-1.25749	-2.01286	-1.04125	-0.0560847	-1.10913
125	-0.632707	1.08217	1.61616	0.753004	-0.0807334
126	-3.33024	-3.98273	-3.13011	-5.48782	-3.15035
127	1.40235	3.38153	1.66123	4.02776	1.06373
128	1.11005	0.307046	0.48573	-0.142633	0.934322
129	-0.0126227	-0.537206	0.221511	0.385763	-0.172132
130	2.25024	-0.112319	0.846804	0.862238	0.0230561
131	0.376833	-0.309978	-0.960495	-0.504712	-0.668315
132	3.18416	0.229087	1.20189	-1.55067	1.38145
133	0.198749	0.0830562	-0.824072	0.147638	0.683618
134	1.27559	0.885537	1.4155	-1.4628	1.84723
135	-1.20291	-1.08092	-0.158577	0.778207	1.72049
136	-0.946505	0.931255	0.213303	0.0537368	0.345915
137	-1.49755	0.0737156	0.809634	1.57566	-2.23658
138	-0.885048	-0.409548	-0.0702467	0.274429	1.00481
139	-0.948488	0.430724	-0.822519	0.313768	-2.30235
140	-0.550374	-0.597059	-1.12482	-0.783198	-1.57816
141	-0.323404	-2.2884	-5.63596	-6.23069	0.748147
142	-0.512749	-4.07133	5.12935	7.29435	-3.45966
143	1.59902	9.15011	1.17937	0.946646	1.26738
144	0.80124	-3.1432	0.0526361	-0.588136	0.205534
145	1.63021	0.268719	0.812802	-0.427147	1.45102
146	0.586465	-2.88107	-0.385563	-2.57585	0.497525
147	-3.40533	2.70919	-4.84631	-0.99789	1.22012
148	-3.89652	-0.258614	3.30875	1.97091	-2.44318
149	3.84246	3.81097	1.9956	-1.60108	1.81191
150	0.144851	0.588239	1.75003	1.97269	-0.261353
151	-3.13466	-0.116211	-0.608817	0.601904	1.10323
152	0.765518	-4.25682	-2.17996	-5.62198	-1.20871
153	-2.48943	0.502895	-3.22514	4.83748	0.182494
154	5.01229	-0.52873	0.791578	-0.92594	0.999864
155	1.84609	-1.15981	0.417578	0.528713	-1.53015
156	0.981509	0.501989	1.85982	1.05236	-0.825024
157	0.874678	0.992509	-0.774522	-0.283272	0.810468
158	-0.751616	0.182151	0.487733	1.77189	1.68181
159	0.0371339	0.350847	-0.729903	-1.88246	-0.781099
160	-0.777293	0.475278	0.993112	1.82675	1.01317
161	0.0588406	-1.06559	-0.789477	-0.944314	-0.522118
162	-0.778819	-0.885707	0.822348	0.177775	-0.522507
163	0.467236	0.268944	-0.792862	0.133208	0.0450762
164	-0.656675	0.0856648	0.547002	-1.46362	-0.539075
