VOLNUM	fmriSeriesMoCoSeries_3.bxh	fmriSeriesMoCoSeries_5.bxh	fmriSeriesMoCoSeries_7.bxh	fmriSeriesMoCoSeries_9.bxh	fmriSeriesMoCoSeries_11.bxh
0	3.68765	4.05013	3.23139	3.91229	3.44183
1	3.61598	3.97248	3.11512	3.5363	3.19886
2	3.80174	3.89604	2.77672	3.92615	3.10602
3	3.68743	4.04332	2.8839	4.34519	3.27155
4	3.74435	3.80863	3.0027	3.84909	3.20928
5	3.63033	3.83288	2.8076	3.65058	3.28089
6	3.86437	3.81527	3.02256	3.80971	3.36172
7	3.75688	3.73768	2.78989	3.58801	3.184
8	3.76187	3.74012	2.99479	3.40559	3.08967
9	3.90834	3.68507	2.85396	4.31517	3.0468
10	3.75606	3.85809	3.05336	3.63431	3.05705
11	4.03297	3.67993	3.59479	3.71327	3.10981
12	3.68354	3.82788	3.39425	3.74366	3.61527
13	3.80645	3.90973	3.27164	3.71855	3.68383
14	3.56737	3.87703	3.09713	3.79425	3.61923
15	3.6704	3.77575	3.33209	4.06253	3.72029
16	3.45441	3.83633	3.14076	4.04257	3.61014
17	3.71918	4.11558	3.67758	3.85935	3.60258
18	3.7629	3.85376	3.47177	3.51957	3.71382
19	3.83218	3.77198	3.66287	3.66121	3.71909
20	3.76469	3.6441	3.48808	3.58676	3.71105
21	3.68725	3.74292	3.40027	4.00243	3.69327
22	3.80456	3.91907	3.66613	3.83329	3.69514
23	3.72237	3.8941	3.73775	3.96184	3.81066
24	3.71741	3.89061	3.49934	3.48827	3.65314
25	3.64905	3.65067	3.40914	3.23878	3.54036
26	3.61709	3.54946	3.39096	3.29183	3.5789
27	3.59376	3.42611	3.28123	3.32588	3.57855
28	3.62745	3.56185	3.58281	3.17769	3.67981
29	3.68202	3.86046	3.36749	3.61774	3.65299
30	3.7517	3.51995	3.32762	3.66947	3.56819
31	4.32186	3.87595	3.24462	3.41137	3.64621
32	4.03155	4.29883	3.42179	3.54879	3.49267
33	3.77117	3.85894	3.40859	3.4753	3.48944
34	3.99273	3.65312	3.53468	3.29042	3.4021
35	3.84254	3.65409	3.358	3.52433	3.52045
36	3.91594	3.65481	3.46375	3.51313	3.29919
37	3.82561	3.90034	3.51725	3.81518	3.65088
38	3.8514	4.05888	3.47676	4.26025	3.31912
39	3.72367	3.72809	4.10462	3.97927	3.95977
40	3.99649	3.65109	4.27617	3.65469	3.60556
41	3.65227	4.05273	4.52974	3.60243	3.22072
42	3.94871	3.95624	3.88252	3.63483	3.23458
43	4.02926	3.89229	3.63749	4.21022	3.77046
44	3.76494	4.02948	3.7403	4.1627	3.85643
45	3.61684	3.68289	3.71776	4.49076	3.83072
46	3.56914	3.91223	3.97556	4.0866	3.77014
47	3.68498	3.55751	3.74892	3.95292	3.85854
48	3.70471	4.16583	4.03217	3.80481	3.78189
49	3.8006	4.09292	3.98312	3.65943	3.88952
50	3.79032	3.81883	3.80149	3.73617	3.86125
51	3.88445	4.03281	3.71843	3.51656	3.79714
52	4.03046	3.61575	3.73447	3.73441	3.57706
53	3.79132	3.3598	3.54106	3.52628	3.80485
54	3.57701	3.40316	3.8013	3.8161	3.97512
55	3.75429	3.6392	3.7958	3.56657	3.9057
56	3.95353	3.98778	3.77741	3.74857	3.91156
57	3.73396	3.69326	3.68455	3.50279	3.81899
58	3.99942	3.52154	3.62486	4.10401	3.84309
59	4.64509	3.44109	3.78726	3.84652	3.90135
60	3.94956	3.17201	3.66278	3.67576	3.69475
61	3.77047	3.2487	4.16739	3.58086	4.32783
62	4.00202	2.92665	3.69866	3.67556	4.00457
63	3.74856	3.5298	4.27133	4.27085	3.71046
64	4.68242	3.61628	3.88909	4.37954	4.01984
65	3.68192	3.51089	3.34626	3.96345	3.66494
66	3.63433	3.37835	3.23704	3.71639	3.92578
67	3.89846	3.39602	3.48482	4.09029	3.73308
68	3.69745	3.44242	3.41995	4.64526	3.92672
69	4.1846	3.37464	3.54345	5.00188	4.11104
70	3.93286	3.3559	3.68844	4.52797	4.09393
71	3.76428	3.29826	3.84528	3.99497	3.91183
72	4.20931	3.49055	3.89696	3.92097	3.48552
73	3.97309	3.33897	3.75765	4.30501	3.93825
74	3.98481	3.10901	3.52446	4.7399	4.01491
75	3.73665	3.27626	4.23486	4.4111	3.89192
76	3.50187	3.39149	3.70032	4.38154	3.36473
77	3.53897	3.24206	3.80009	4.44113	3.15207
78	3.5627	3.22382	3.75675	4.26129	3.34304
79	3.89849	3.10501	3.72602	4.01094	3.39116
80	3.58535	3.15945	3.57424	4.0822	3.278
81	3.64827	3.25466	3.61703	3.77697	3.51494
82	3.76374	3.26815	3.73558	3.74632	3.14156
83	4.27368	3.06217	3.74686	4.42383	3.38249
84	3.99933	3.02579	3.89242	3.84918	4.00093
85	3.57772	3.12511	3.9934	3.82349	4.1851
86	3.7827	3.33901	4.04923	4.22429	3.99994
87	3.71812	3.1796	3.65516	4.11154	4.00086
88	3.76953	3.27968	3.87247	3.7527	4.04667
89	3.51818	3.15361	3.93627	4.27176	4.13549
90	4.34103	3.43149	4.0226	3.73051	4.20016
91	3.85213	3.6592	3.58822	3.55231	3.93089
92	3.68139	3.70236	3.5762	3.12062	3.63077
93	3.92242	3.59881	3.28641	3.42421	3.60741
94	3.69156	3.87468	3.27637	4.40309	3.58388
95	4.23427	4.22887	3.77514	4.86671	4.63105
96	4.10803	3.78696	3.6671	4.7148	4.41004
97	4.19534	3.39894	3.48316	3.64634	3.48266
98	3.83767	3.50991	3.43055	3.45036	3.68889
99	3.96455	3.66827	3.64636	3.73941	3.83219
100	4.0892	3.82653	4.7362	5.32335	3.8831
101	3.94878	4.58758	4.14184	4.28926	3.73123
102	3.79179	3.66948	3.60661	4.09889	3.67268
103	3.75717	3.59556	3.30752	3.73895	3.84283
104	3.67811	3.34453	3.05192	3.44492	3.65791
105	3.61226	3.66247	2.78864	3.63923	3.98053
106	3.51265	3.59174	3.05838	3.96989	3.86403
107	3.67338	3.79196	3.25661	4.10751	3.82802
108	3.742	4.18139	3.34969	3.59533	3.78919
109	3.94934	3.80472	3.4579	3.68313	3.73403
110	4.09994	3.99744	3.57989	3.99559	3.59525
111	3.96921	3.80848	3.89538	4.1905	3.7149
112	3.93994	3.87424	3.84416	3.63974	4.53872
113	4.74088	3.75103	4.23285	3.81802	4.01164
114	3.95927	3.83251	3.96093	4.23175	4.16382
115	3.81382	4.75905	3.9995	4.12771	3.93418
116	3.89214	4.12063	4.31319	4.14591	3.6431
117	3.88148	3.72896	3.93346	3.76102	3.85829
118	3.79697	3.55709	3.90807	3.45641	3.53498
119	4.99102	3.43573	3.93974	3.49544	3.54141
120	3.80992	3.58941	3.93472	3.71907	3.99937
121	3.64847	4.16969	4.30758	3.7765	3.9883
122	3.78638	3.78639	4.09343	3.8985	3.84518
123	3.72675	3.43074	3.74207	3.90932	3.76989
124	3.80428	3.52901	3.51659	3.87441	3.57177
125	3.7264	3.78627	3.50174	3.80434	3.6
126	3.67863	3.73775	4.02575	4.13151	3.65178
127	3.86907	3.5125	3.89532	4.24502	3.84921
128	3.81378	3.21728	3.75649	4.0086	3.73104
129	3.71431	3.45144	3.59585	3.67855	3.68582
130	3.61232	3.31346	3.42659	3.77755	3.81065
131	4.0469	3.40008	3.56646	4.22521	3.66134
132	3.60205	3.34936	3.60394	4.11294	4.08787
133	3.63895	3.42867	3.60009	3.90881	4.0847
134	3.46055	3.73511	3.76317	4.25099	4.13774
135	3.62035	3.74111	3.64326	3.88769	4.3098
136	3.58837	3.56141	3.76335	3.84858	3.99903
137	3.57666	3.18855	3.84335	3.88157	3.93936
138	3.52363	3.27299	4.08199	4.20653	3.91675
139	3.55442	2.94975	3.84821	3.74092	3.83124
140	3.48634	3.28486	4.00205	3.94153	3.69887
141	3.6559	3.30014	4.36123	4.05475	3.85625
142	3.68974	3.36341	4.0357	4.69113	3.81663
143	3.71172	5.00947	3.83321	3.9562	3.57154
144	3.68127	4.50506	3.82713	3.69081	3.6395
145	3.65545	3.22788	3.61538	3.627	3.60026
146	3.6587	2.94989	3.5566	3.7497	3.7844
147	3.83443	3.47133	3.73078	4.78291	3.95841
148	3.91924	3.62384	3.88976	4.58561	4.17718
149	4.84056	3.29204	3.62081	3.80792	3.82315
150	4.32004	2.95149	3.6299	4.83595	3.73945
151	3.99449	3.0511	3.49901	3.60398	3.79079
152	3.80432	3.43767	3.41747	3.79523	3.86738
153	3.88952	3.85623	3.70144	4.57221	4.59669
154	3.91579	3.44155	3.52416	3.64215	3.71914
155	3.73882	3.1965	3.53249	3.7052	3.58952
156	3.78735	3.36302	3.16678	3.82495	3.69045
157	3.59099	3.15514	3.24672	3.80383	3.74136
158	3.5964	3.26928	3.04399	3.90206	3.70617
159	3.52444	3.29866	3.04346	4.25116	3.71874
160	3.54141	3.33242	3.0684	4.05184	3.66952
161	3.36034	3.3536	3.29203	3.94092	3.93089
162	3.54604	3.80291	3.42268	3.96846	3.64171
163	3.43376	3.39253	3.37178	4.06489	3.43904
164	3.46926	3.23054	3.32904	3.87809	3.58479
165	3.33303	3.5039	3.48392	4.04878	3.63334
