VOLNUM	fmriSeriesMoCoSeries_4.bxh	fmriSeriesMoCoSeries_6.bxh	fmriSeriesMoCoSeries_8.bxh	fmriSeriesMoCoSeries_10.bxh	fmriSeriesMoCoSeries_12.bxh
0	118.506	118.58	119.034	119.227	119.615
1	118.658	118.568	119.066	119.146	119.675
2	118.688	118.604	119.075	119.17	119.624
3	118.671	118.567	119.037	119.197	119.687
4	118.671	118.583	119.03	119.168	119.699
5	118.64	118.561	119.042	119.164	119.68
6	118.585	118.577	119.028	119.145	119.679
7	118.565	118.532	119.041	119.153	119.647
8	118.569	118.561	119.027	119.201	119.662
9	118.574	118.554	118.983	119.159	119.689
10	118.559	118.574	119.006	119.191	119.704
11	118.58	118.672	119.076	119.165	119.805
12	118.307	118.709	119.07	119.256	119.718
13	118.507	118.755	119.079	119.262	119.72
14	118.513	118.697	119.08	119.248	119.686
15	118.396	118.768	118.997	119.273	119.8
16	118.449	118.769	119.091	119.273	119.823
17	118.406	118.785	119.062	119.337	119.59
18	118.538	118.789	119.088	119.231	119.861
19	118.493	118.777	119.06	119.294	119.866
20	118.481	118.725	119.064	119.267	119.863
21	118.469	118.728	119.051	119.235	119.858
22	118.551	118.684	119.128	119.226	119.784
23	118.544	118.807	119.116	119.231	119.687
24	118.489	118.731	119.038	119.217	119.768
25	118.487	118.649	118.997	119.186	119.712
26	118.448	118.608	118.991	119.175	119.654
27	118.503	118.613	118.969	119.158	119.661
28	118.418	118.58	118.937	119.206	119.702
29	118.393	118.559	118.921	119.239	119.539
30	118.321	118.604	118.904	119.25	119.561
31	118.358	118.53	118.888	119.242	119.55
32	118.368	118.558	118.924	119.266	119.508
33	118.379	118.527	118.934	119.308	119.492
34	118.307	118.531	118.978	119.306	119.523
35	118.332	118.573	118.95	119.239	119.523
36	118.368	118.543	118.995	119.266	119.526
37	118.392	118.605	119.07	119.31	119.421
38	118.564	118.59	119.095	119.392	119.637
39	118.347	118.622	119.114	119.407	119.643
40	118.467	118.604	119.098	119.469	119.665
41	118.458	118.617	119.093	119.463	119.723
42	118.443	118.651	119.243	119.419	119.627
43	118.471	118.635	119.232	119.246	119.602
44	118.505	118.64	119.179	119.398	119.663
45	118.443	118.568	119.132	119.412	119.675
46	118.443	118.588	119.095	119.312	119.633
47	118.426	118.575	119.022	119.244	119.677
48	118.462	118.765	119.565	119.042	119.624
49	118.457	118.656	118.385	119.271	119.653
50	118.381	118.642	119.097	119.302	119.683
51	118.367	118.583	118.913	119.31	119.663
52	118.335	118.581	118.805	119.22	119.617
53	118.349	118.562	118.794	119.266	119.595
54	118.316	118.586	118.767	119.249	119.638
55	118.321	118.528	118.705	119.262	119.585
56	118.309	118.497	118.722	119.174	119.573
57	118.32	118.471	118.741	119.175	119.505
58	118.33	118.506	118.724	119.228	119.563
59	118.329	118.484	118.72	119.243	119.491
60	118.36	118.512	118.732	119.205	119.47
61	118.356	118.483	118.744	119.184	119.527
62	118.302	118.521	118.766	119.143	119.492
63	118.353	118.524	118.797	119.21	119.605
64	118.446	118.643	118.9	119.266	119.616
65	118.45	118.618	118.929	119.253	119.66
66	118.39	118.635	118.869	119.274	119.664
67	118.39	118.601	118.913	119.267	119.713
68	118.395	118.664	118.878	119.299	119.69
69	118.436	118.637	118.869	119.352	119.711
70	118.48	118.679	119.014	119.364	119.699
71	118.435	118.652	119.147	119.388	119.662
72	118.393	118.634	119.059	119.362	119.676
73	118.386	118.638	118.945	119.326	119.615
74	118.709	118.633	118.923	119.293	119.641
75	118.429	118.672	118.904	119.313	119.661
76	118.546	118.611	118.948	119.295	119.65
77	118.555	118.625	118.901	119.284	119.632
78	118.439	118.559	118.826	119.242	119.619
79	118.496	118.555	118.808	119.234	119.609
80	118.367	118.551	118.802	119.265	119.586
81	118.392	118.563	118.745	119.197	119.575
82	118.332	118.536	118.734	119.17	119.54
83	118.312	118.497	118.74	119.186	119.585
84	118.308	118.537	118.7	119.204	119.57
85	118.276	118.535	118.733	119.181	119.604
86	118.249	118.547	118.88	119.22	119.568
87	118.236	118.529	118.756	119.227	119.585
88	118.267	118.574	118.89	119.178	119.592
89	118.263	118.662	118.888	119.274	119.609
90	118.618	118.613	118.928	119.306	119.643
91	118.214	118.725	119.001	119.284	119.635
92	118.381	118.7	118.973	119.397	119.682
93	118.412	118.693	118.99	119.377	119.659
94	118.401	118.651	118.932	119.407	119.634
95	118.395	118.629	118.968	119.384	119.637
96	118.396	118.77	118.981	119.401	119.705
97	118.355	118.756	119.034	119.365	119.67
98	118.353	118.702	118.997	119.355	119.601
99	118.378	118.667	118.975	119.359	119.586
100	118.35	118.578	118.954	119.314	119.595
101	118.422	118.725	118.962	119.343	119.689
102	118.354	118.73	118.946	119.264	119.627
103	118.351	118.69	118.936	119.278	119.608
104	118.341	118.665	118.892	119.268	119.608
105	118.306	118.593	118.889	119.201	119.565
106	118.274	118.576	118.818	119.273	119.556
107	118.256	118.57	118.803	119.223	119.498
108	118.246	118.505	118.757	119.231	119.555
109	118.245	118.461	118.801	119.192	119.527
110	118.207	118.486	118.807	119.217	119.506
111	118.209	118.475	118.858	119.215	119.522
112	118.22	118.573	118.789	119.218	119.548
113	118.239	118.57	118.794	119.271	119.562
114	118.243	118.581	118.837	119.23	119.543
115	118.268	118.618	118.823	119.316	119.571
116	118.614	118.632	118.892	119.391	119.664
117	118.179	118.665	118.848	119.436	119.727
118	118.41	118.645	118.884	119.411	119.631
119	118.392	118.678	118.849	119.37	119.557
120	118.384	118.632	118.901	119.338	119.624
121	118.397	118.661	118.936	119.209	119.655
122	118.451	118.647	119.011	119.231	119.375
123	118.364	118.633	118.951	119.212	119.535
124	118.327	118.661	118.927	119.092	119.523
125	118.273	118.631	118.941	119.079	119.499
126	118.344	118.695	119.001	119.042	119.474
127	118.348	118.665	118.96	119.288	119.49
128	118.367	118.722	118.954	119.091	119.565
129	118.319	118.641	118.931	119.279	119.61
130	118.358	118.622	118.935	119.246	119.561
131	118.366	118.57	118.886	119.242	119.563
132	118.312	118.585	118.88	119.208	119.643
133	118.323	118.568	118.843	119.209	119.525
134	118.273	118.563	118.836	119.191	119.412
135	118.29	118.587	118.761	119.144	119.441
136	118.249	118.547	118.791	119.15	119.389
137	118.26	118.563	118.782	119.128	119.402
138	118.209	118.578	118.826	119.148	119.442
139	118.269	118.59	118.803	119.168	119.419
140	118.252	118.597	118.753	119.12	119.397
141	118.297	118.666	118.806	119.198	119.429
142	118.292	118.699	118.903	119.172	119.592
143	118.329	118.767	118.939	119.401	119.494
144	118.251	118.799	118.898	119.374	119.572
145	118.332	118.752	118.875	119.368	119.499
146	118.35	118.781	118.866	119.356	119.574
147	118.533	118.742	118.936	119.31	119.53
148	118.384	118.745	118.911	118.765	119.603
149	118.468	118.779	118.918	118.95	119.579
150	118.428	118.725	118.87	119	119.528
151	118.401	118.692	118.868	118.992	119.571
152	118.365	118.651	118.865	119.002	119.534
153	118.34	118.854	118.92	119.119	119.653
154	118.322	118.689	118.882	119.115	119.587
155	118.261	118.692	118.845	119.072	119.54
156	118.237	118.642	118.89	119.034	119.545
157	118.291	118.646	118.866	119.044	119.532
158	118.258	118.602	118.806	119.013	119.517
159	118.309	118.612	118.796	118.965	119.436
160	118.256	118.591	118.824	118.995	119.521
161	118.252	118.576	118.837	118.948	119.441
162	118.195	118.571	118.903	118.913	119.527
163	118.187	118.551	118.883	118.912	119.47
164	118.175	118.573	118.868	118.916	119.468
165	118.189	118.581	118.901	118.909	119.487
