VOLNUM	fmriSeriesMoCoSeries_4.bxh	fmriSeriesMoCoSeries_6.bxh	fmriSeriesMoCoSeries_8.bxh	fmriSeriesMoCoSeries_10.bxh	fmriSeriesMoCoSeries_12.bxh
0	52.8525	50.5956	50.7606	51.3561	51.7958
1	52.8008	50.5768	50.7068	51.3205	51.7316
2	52.8303	50.5826	50.7578	51.3229	51.778
3	52.8122	50.5824	50.7546	51.312	51.7946
4	52.8246	50.5796	50.7422	51.3239	51.7804
5	52.7861	50.5822	50.731	51.3277	51.7592
6	52.8305	50.6132	50.782	51.3878	51.7974
7	52.8547	50.6174	50.7497	51.3832	51.8043
8	52.8602	50.6063	50.7409	51.3756	51.8251
9	52.8112	50.5851	50.7252	51.3629	51.7929
10	52.832	50.6175	50.779	51.3456	51.8185
11	52.7827	50.6406	50.7654	51.4009	51.7982
12	52.925	50.6017	50.8713	51.3602	51.7431
13	52.9119	50.5684	50.7404	51.3542	51.7835
14	52.8737	50.5826	50.7658	51.3584	51.7846
15	52.886	50.5824	50.7963	51.3596	51.75
16	52.8755	50.611	50.7489	51.3342	51.7987
17	52.9574	50.5903	50.7491	51.3388	51.9216
18	52.8965	50.5579	50.7722	51.3827	51.711
19	52.8509	50.5871	50.7057	51.3277	51.8053
20	52.8561	50.577	50.7427	51.3176	51.7851
21	52.8427	50.6136	50.7471	51.3237	51.7958
22	52.8249	50.5893	50.7394	51.3575	51.8074
23	52.8794	50.5612	50.7224	51.3627	51.7806
24	52.8263	50.5689	50.7502	51.3813	51.7344
25	52.8256	50.5737	50.7753	51.3607	51.8072
26	52.8353	50.5758	50.7635	51.375	51.7819
27	52.8222	50.6042	50.73	51.3772	51.7836
28	52.8218	50.6199	50.7763	51.3654	51.7899
29	52.8385	50.6089	50.7951	51.3437	51.808
30	52.8677	50.6072	50.7817	51.3525	51.7881
31	52.8813	50.6154	50.7779	51.4131	51.7863
32	52.8412	50.6156	50.8175	51.3554	51.7779
33	52.8333	50.5904	50.7876	51.378	51.7747
34	52.8515	50.6268	50.7497	51.4066	51.8348
35	52.8743	50.5999	50.8026	51.3518	51.8138
36	52.8758	50.6176	50.8034	51.3259	51.795
37	52.8677	50.5765	50.7733	51.3839	51.8841
38	52.8289	50.6104	50.7243	51.3405	51.793
39	53.0618	50.6121	50.7917	51.3383	51.8279
40	52.8765	50.6097	50.7624	51.3188	51.7948
41	52.8015	50.5584	50.7524	51.3288	51.7612
42	52.8182	50.5953	50.713	51.3192	51.7578
43	52.8363	50.5552	50.7103	51.3683	51.7771
44	52.8527	50.6007	50.6805	51.3238	51.7529
45	52.8545	50.6115	50.7004	51.342	51.7889
46	52.8518	50.6322	50.7032	51.3283	51.7851
47	52.8232	50.6024	50.7229	51.3481	51.7571
48	52.839	50.4393	50.4168	51.4556	51.756
49	52.8262	50.5342	51.1292	51.3813	51.7794
50	52.8459	50.5945	50.8542	51.3764	51.7801
51	52.8617	50.5718	50.7611	51.335	51.7955
52	52.8685	50.6394	50.7556	51.3119	51.8518
53	52.825	50.6316	50.7871	51.3339	51.8129
54	52.8312	50.5875	50.808	51.384	51.7843
55	52.8731	50.5672	50.8051	51.3794	51.7837
56	52.8835	50.6045	50.7784	51.367	51.7701
57	52.8879	50.641	50.7898	51.397	51.7929
58	52.8645	50.6041	50.7669	51.3686	51.7696
59	52.8541	50.6027	50.7729	51.3657	51.7995
60	52.8486	50.6123	50.7356	51.3373	51.8302
61	52.8575	50.6564	50.7491	51.342	51.8354
62	52.904	50.6365	50.7349	51.3951	51.8194
63	52.8694	50.6205	50.7908	51.3787	51.7898
64	52.8637	50.5619	50.7735	51.3725	51.8251
65	52.8931	50.5807	50.7567	51.3362	51.8092
66	52.8547	50.615	50.7408	51.3559	51.7982
67	52.8841	50.5987	50.7171	51.3738	51.7617
68	52.832	50.5664	50.7271	51.3388	51.7716
69	52.8289	50.5404	50.7546	51.2955	51.8089
70	52.7863	50.5453	50.7457	51.2778	51.8048
71	52.862	50.5968	50.7393	51.3836	51.7534
72	52.8584	50.5893	50.7457	51.3505	51.7346
73	52.854	50.5907	50.7549	51.3474	51.7913
74	52.7909	50.6068	50.7687	51.3473	51.8142
75	52.8675	50.5769	50.7606	51.3692	51.787
76	52.8512	50.5812	50.7361	51.3842	51.7406
77	52.8154	50.5439	50.7668	51.36	51.7849
78	52.8885	50.5928	50.7783	51.3621	51.7947
79	52.8792	50.611	50.7337	51.3917	51.775
80	52.8725	50.5966	50.7391	51.3593	51.7565
81	52.8698	50.5591	50.7272	51.3196	51.7882
82	52.8743	50.6221	50.7623	51.3756	51.8208
83	52.8621	50.6412	50.82	51.3722	51.7865
84	52.8342	50.6288	50.8315	51.3328	51.778
85	52.8611	50.5881	50.8286	51.3827	51.7409
86	52.8981	50.6218	50.8067	51.3672	51.947
87	52.8869	50.6476	50.7908	51.341	51.8185
88	52.8533	50.6154	50.747	51.3813	51.8189
89	52.8755	50.5611	50.7705	51.3815	51.8575
90	52.6695	50.6259	50.79	51.326	51.8097
91	53.0054	50.5606	50.7594	51.3746	51.8096
92	52.8595	50.6171	50.7523	51.4025	51.7431
93	52.8309	50.5842	50.7118	51.3328	51.7487
94	52.8531	50.5847	50.7214	51.314	51.7595
95	52.838	50.5886	50.7114	51.3542	51.823
96	52.9114	50.5672	50.762	51.3639	51.7703
97	52.8608	50.5515	50.7311	51.3704	51.7605
98	52.852	50.5931	50.7578	51.3334	51.7711
99	52.8267	50.5982	50.7409	51.3362	51.8049
100	52.8494	50.6139	50.7356	51.3262	51.8018
101	52.8348	50.576	50.7263	51.3534	51.7255
102	52.8724	50.5525	50.766	51.3976	51.7827
103	52.8242	50.5572	50.7681	51.3593	51.8098
104	52.847	50.551	50.7477	51.3607	51.78
105	52.8186	50.5822	50.7306	51.3817	51.7518
106	52.8602	50.6032	50.7514	51.3654	51.7954
107	52.8691	50.6023	50.7922	51.3272	51.8258
108	52.8688	50.6529	50.8204	51.3632	51.772
109	52.8413	50.6295	50.786	51.3874	51.8062
110	52.8642	50.6372	50.7869	51.3242	51.8347
111	52.8963	50.6291	50.7716	51.3613	51.8297
112	52.8802	50.5674	50.8115	51.3799	51.8049
113	52.8781	50.636	50.7979	51.3482	51.7771
114	52.8563	50.5935	50.7373	51.3271	51.8118
115	52.8851	50.5977	50.7729	51.37	51.8556
116	52.4543	50.6091	50.743	51.3528	51.7929
117	53.2429	50.6249	50.7891	51.3454	51.7623
118	52.9168	50.5885	50.7606	51.2865	51.7545
119	52.8581	50.5771	50.7826	51.3333	51.7804
120	52.8567	50.5399	50.7425	51.3049	51.7423
121	52.8539	50.5755	50.7204	51.3569	51.7648
122	52.7982	50.6083	50.7012	51.4306	51.8479
123	52.8216	50.595	50.7662	51.391	51.7996
124	52.8561	50.562	50.7522	51.3795	51.7841
125	52.8746	50.561	50.7425	51.3832	51.7911
126	52.842	50.5907	50.7211	51.4256	51.8017
127	52.8053	50.5804	50.77	51.3856	51.8002
128	52.8636	50.5967	50.7718	51.4223	51.8429
129	52.8592	50.5861	50.7334	51.3504	51.8053
130	52.8414	50.5715	50.7148	51.3598	51.7768
131	52.8121	50.5978	50.7673	51.3579	51.7587
132	52.8405	50.6003	50.7684	51.3902	51.6978
133	52.8703	50.6162	50.7791	51.3555	51.7737
134	52.8775	50.5838	50.7587	51.331	51.7713
135	52.8716	50.581	50.784	51.3221	51.7812
136	52.8654	50.6218	50.807	51.3001	51.8209
137	52.8875	50.6454	50.8017	51.3467	51.7988
138	52.8882	50.6141	50.7502	51.3364	51.8072
139	52.8395	50.5968	50.7653	51.3287	51.8034
140	52.8888	50.5846	50.8064	51.3188	51.8194
141	52.8373	50.6281	50.8164	51.3439	51.8283
142	52.8541	50.6301	50.7588	51.3469	51.8253
143	52.8012	50.6065	50.7347	51.2821	51.8417
144	52.9108	50.5932	50.7332	51.2759	51.7811
145	52.8983	50.5536	50.7568	51.2808	51.7746
146	52.8815	50.5542	50.7626	51.2789	51.7651
147	52.7866	50.5775	50.7352	51.0779	51.8008
148	52.8697	50.5914	50.7335	51.6914	51.7502
149	52.8261	50.5907	50.721	51.384	51.7753
150	52.845	50.606	50.7782	51.4461	51.8258
151	52.8243	50.5756	50.7499	51.4511	51.7972
152	52.8556	50.5713	50.7456	51.4617	51.7978
153	52.8237	50.6111	50.7203	51.4107	51.7715
154	52.8713	50.5731	50.7753	51.4385	51.761
155	52.8629	50.5734	50.7895	51.3825	51.7648
156	52.9013	50.5777	50.7618	51.3687	51.8013
157	52.8827	50.5928	50.736	51.3936	51.7865
158	52.8582	50.628	50.7355	51.409	51.8102
159	52.8474	50.6088	50.7918	51.4048	51.8132
160	52.8358	50.6313	50.7854	51.3633	51.7912
161	52.8426	50.5862	50.7842	51.3568	51.7705
162	52.8906	50.605	50.7625	51.3216	51.7586
163	52.9107	50.6182	50.8095	51.2865	51.8008
164	52.8805	50.6264	50.7981	51.2759	51.8049
165	52.8543	50.5965	50.7635	51.3005	51.7969
