VOLNUM	fmriSeriesMoCoSeries_4.bxh	fmriSeriesMoCoSeries_6.bxh	fmriSeriesMoCoSeries_8.bxh	fmriSeriesMoCoSeries_10.bxh	fmriSeriesMoCoSeries_12.bxh
0	203.602	201.72	204.265	205.841	205.396
1	203.223	201.305	203.816	205.91	205.174
2	203.631	201.028	203.201	205.657	205.222
3	203.472	200.946	202.703	205.291	204.927
4	203.196	200.961	202.767	205.068	204.851
5	202.955	200.921	203.068	204.611	205.009
6	202.413	200.485	203.235	203.639	204.955
7	201.89	199.913	203.154	204.181	205.345
8	202.182	199.662	203.199	204.661	204.673
9	202.079	199.7	203.288	205.225	204.233
10	202.217	199.93	203.035	204.628	203.709
11	199.818	199.331	202.61	203.968	203.975
12	202.035	199.319	201.334	203.897	205.256
13	202.306	199.709	201.748	204.66	205.192
14	202.454	200.3	202.039	204.939	205.444
15	202.735	200.128	201.899	204.516	204.944
16	202.378	199.873	201.509	204.468	204.231
17	200.041	199.433	201.49	203.464	203.15
18	200.068	199.404	201.866	203.801	204.021
19	201.668	199.314	201.73	203.829	203.709
20	202.516	199.34	201.587	203.905	203.812
21	202.892	199.027	201.361	203.672	203.743
22	202.54	199.232	200.913	202.254	202.97
23	201.382	198.303	200.976	201.642	203.867
24	201.74	198.458	201.317	201.862	203.581
25	201.432	198.265	201.062	202.028	203.716
26	201.336	198.007	200.938	202.354	203.561
27	200.947	197.796	200.958	202.499	203.523
28	201.004	197.703	200.829	203.849	203.028
29	200.687	197.783	200.339	204.565	203.542
30	200.659	197.677	200.462	204.31	203.306
31	200.441	198.096	200.756	203.578	203.233
32	200.31	198.426	200.681	203.317	203.167
33	200.52	198.276	200.901	203.437	203.282
34	200.724	197.695	201.174	203.162	203.045
35	200.441	198.826	201.301	203.528	203.31
36	200.225	199.617	201.012	203.764	204.111
37	200.626	199.457	201.131	203.89	203.871
38	198.011	199.701	201.294	203.086	204.259
39	198.642	199.729	202.103	203.809	204.311
40	200.772	199.709	202.337	204.067	204.75
41	201.087	199.609	202.336	203.871	204.644
42	201.303	199.356	202.159	203.812	204.908
43	201.114	198.258	201.612	204.149	204.779
44	201.213	197.467	201.677	203.187	204.42
45	202.034	197.812	201.676	202.865	203.791
46	202.005	198.053	201.623	202.993	203.775
47	202.007	198.436	201.508	203.071	203.364
48	201.191	197.628	196.213	203.017	203.355
49	200.885	197.709	207.444	202.551	203.225
50	200.936	198.226	199.864	202.306	202.996
51	200.569	198.236	201.575	202.874	202.228
52	200.087	199.091	202.002	203.459	202.418
53	199.801	199.444	201.981	203.464	203.028
54	199.791	199.101	202.08	203.356	203.825
55	199.776	198.657	201.977	203.398	204.16
56	199.562	198.04	201.661	203.515	204.192
57	199.695	197.471	201.972	203.664	204.287
58	200.139	197.568	202.089	203.751	204.166
59	200.756	197.96	201.812	204.027	203.827
60	200.897	198.307	201.747	204.22	203.517
61	200.761	198.681	201.602	204.135	203.076
62	200.783	198.826	201.857	204.096	203.378
63	200.653	199.18	202.089	203.796	203.539
64	200.406	199.208	202.409	203.813	204.025
65	200.826	199.16	202.414	204.496	204.307
66	201.493	199.346	203.083	204.822	204.636
67	201.492	199.632	203.185	204.762	204.799
68	201.244	199.498	203.336	204.891	204.789
69	201.002	199.273	203.375	204.245	204.181
70	200.408	199.289	202.654	202.651	204.061
71	200.898	199.152	202.14	203.074	204.01
72	200.991	199.341	202.039	203.258	203.666
73	200.832	199.509	202.597	203.406	203.413
74	199.39	199.248	202.601	203.215	203.016
75	200.761	198.805	202.575	202.743	203.183
76	200.215	198.796	201.924	202.603	203.58
77	200.271	198.602	200.941	202.789	203.63
78	200.54	198.811	201.677	202.92	203.305
79	200.06	198.541	202.647	202.91	203.472
80	200.987	198.536	202.868	202.769	203.767
81	200.757	198.767	202.639	202.936	203.861
82	201.002	198.871	202.064	202.781	203.906
83	200.75	198.87	201.752	202.464	204.01
84	200.569	198.819	201.998	202.704	204.422
85	200.538	198.979	202.389	202.891	204.463
86	200.428	198.956	202.253	202.775	203.287
87	200.311	198.939	202.618	203.111	203.164
88	200.624	198.851	203.931	203.394	203.649
89	200.837	198.356	204.808	203.14	201.858
90	199.451	198.645	204.093	203.104	202.56
91	199.858	198.383	203.92	204.003	203.468
92	200.876	198.898	204.095	204.124	203.78
93	201.174	199.308	204.404	204.749	203.559
94	201.379	199.477	204.783	204.733	203.216
95	201.437	199.676	204.4	204.394	202.438
96	201.484	199.128	203.764	203.941	202.302
97	201.472	199.102	203.431	203.89	202.793
98	201.446	199.21	203.607	204.102	203.154
99	201.118	199.098	203.332	203.639	202.948
100	201.067	198.99	203.645	203.477	202.814
101	200.705	198.516	203.703	202.627	202.608
102	201.016	198.058	203.573	202.664	202.835
103	201.121	198.329	204.263	202.887	202.638
104	201.097	198.179	204.176	203.163	202.632
105	201.165	198.372	204.255	203.425	202.822
106	201.253	198.405	204.145	203.103	202.751
107	201.016	198.354	204.022	203.303	202.521
108	200.697	198.628	203.948	203.056	202.604
109	200.643	198.625	204.137	202.728	202.709
110	200.847	198.764	204.296	202.906	202.632
111	200.63	198.591	204.516	202.93	202.502
112	200.625	197.621	204.476	202.97	202.662
113	200.689	199.515	204.441	203.106	202.914
114	201.014	199.495	204.557	203.613	203.006
115	201.05	199.725	204.746	203.373	202.319
116	197.091	200.177	204.067	202.963	202.375
117	199.95	200.577	203.905	202.785	202.33
118	199.237	200.799	203.653	203.414	203.073
119	201.229	200.815	203.789	203.639	203.355
120	201.814	200.792	204.073	202.555	203.676
121	201.486	200.415	204.155	202.742	202.567
122	200.972	200.345	203.855	203.386	203.842
123	201.249	200.387	204.146	203.052	203.175
124	201.173	200.25	203.977	204.404	203.447
125	200.952	200.487	203.998	204.351	203.218
126	200.82	200.249	203.963	203.97	202.298
127	200.85	199.183	203.926	202.465	201.961
128	201.132	199.679	204.221	203.412	202.076
129	201.265	200.002	204.393	202.922	202.331
130	201.275	200.086	204.26	203.114	203.445
131	201.253	200.066	204.437	203.009	204.341
132	201.316	199.876	204.277	203.033	203.554
133	200.983	199.402	204.16	203.088	201.879
134	201.022	199.326	203.858	203.116	200.937
135	201.054	199.265	203.898	202.943	200.386
136	201.327	199.386	203.517	202.643	200.664
137	201.274	199.243	203.584	202.267	200.984
138	200.864	199.415	203.817	202.193	200.933
139	200.852	199.714	203.713	202.44	201.097
140	200.967	199.797	203.639	203.039	201.247
141	201.572	199.725	203.498	202.88	201.101
142	200.093	199.58	203.24	203.6	200.69
143	199.768	199.517	203.668	202.77	202.793
144	201.084	200.115	204.105	203.524	204.374
145	201.764	200.429	204.003	203.808	204.715
146	202.407	200.569	203.729	203.828	203.742
147	202.016	200.619	203.421	197.883	202.964
148	202.414	200.325	203.704	209.039	202.352
149	201.917	199.743	203.889	205.353	202.319
150	201.136	199.939	203.887	204.132	202.461
151	200.68	199.703	203.893	205.187	202.907
152	200.365	199.84	203.903	205.338	203.531
153	200.035	198.866	203.723	205.337	203.474
154	199.33	199.531	204.252	204.826	202.993
155	199.697	199.686	204.455	204.488	203.249
156	201.261	199.694	204.435	204.536	203.326
157	201.944	199.377	204.397	204.017	203.487
158	202.184	199.331	204.266	203.923	202.355
159	201.77	199.43	203.805	203.714	202.751
160	201.148	199.566	203.632	203.66	202.656
161	200.609	200.015	203.742	203.862	203.11
162	200.423	200.167	203.984	204.281	202.885
163	200.079	200.448	204.17	204.351	202.985
164	200.138	200.177	204.335	204.302	203
165	200.223	200.063	204.27	204.013	202.925
