VOLNUM	fmriSeriesMoCoSeries_3.bxh	fmriSeriesMoCoSeries_5.bxh	fmriSeriesMoCoSeries_7.bxh	fmriSeriesMoCoSeries_9.bxh	fmriSeriesMoCoSeries_11.bxh
0	52.4953	52.583	52.6146	52.6657	53.0334
1	52.4609	52.662	52.6228	52.6034	53.0154
2	52.4859	52.6257	52.713	52.6159	53.0128
3	52.441	52.6438	52.6054	52.6724	53.0389
4	52.4793	52.64	52.6633	52.6428	52.9767
5	52.5077	52.6269	52.6323	52.6382	53.0552
6	52.5489	52.6636	52.6429	52.6471	53.0662
7	52.4897	52.7312	52.603	52.6723	53.0776
8	52.5221	52.643	52.6694	52.623	53.0087
9	52.4593	52.6812	52.6319	52.6236	53.072
10	52.547	52.6367	52.6605	52.6641	53.0267
11	52.4087	52.6985	52.5433	52.5865	53.0429
12	52.5233	52.6591	52.6726	52.6233	53.0177
13	52.4836	52.678	52.6153	52.6327	53.0169
14	52.4435	52.6298	52.6556	52.5794	53.0837
15	52.4395	52.6505	52.5979	52.721	52.9859
16	52.497	52.6207	52.6069	52.5808	53.0512
17	52.4591	52.6534	52.6588	52.6588	53.034
18	52.473	52.6842	52.5341	52.6015	53.0752
19	52.5384	52.6356	52.617	52.5799	52.9875
20	52.4658	52.6588	52.6818	52.6559	53.0469
21	52.4958	52.5999	52.5828	52.5793	53.0388
22	52.4862	52.6737	52.6243	52.6878	53.0373
23	52.4317	52.6389	52.5669	52.6536	53.0152
24	52.5067	52.6917	52.7271	52.6054	53.0555
25	52.4226	52.6384	52.6162	52.712	53.0504
26	52.4679	52.7212	52.6735	52.5921	53.0454
27	52.5052	52.6312	52.6195	52.6746	53.0938
28	52.4821	52.7064	52.6591	52.6202	53.0665
29	52.5077	52.614	52.722	52.6325	53.1098
30	52.495	52.674	52.6234	52.659	53.0496
31	52.5198	52.6443	52.6399	52.6132	53.0374
32	52.4797	52.6523	52.7114	52.6228	53.0511
33	52.4702	52.6216	52.6904	52.6089	53.1282
34	52.5334	52.6579	52.7148	52.6395	53.0464
35	52.5264	52.667	52.6274	52.6586	53.0898
36	52.5277	52.6673	52.6336	52.6218	52.9938
37	52.4923	52.6655	52.6039	52.6436	53.1441
38	52.5485	52.5917	52.5501	52.6407	53.0463
39	52.5131	52.6611	52.655	52.6027	53.0919
40	52.4686	52.5822	52.5761	52.5975	53.001
41	52.5095	52.6981	52.6749	52.6169	53.0259
42	52.4555	52.6027	52.5696	52.6849	53.1146
43	52.5361	52.6929	52.5956	52.6335	53.0256
44	52.5011	52.5981	52.6513	52.6328	53.1028
45	52.4864	52.6689	52.6388	52.6125	53.0052
46	52.5076	52.6321	52.6107	52.5877	53.0097
47	52.5254	52.7021	52.5858	52.6388	53.0204
48	52.4825	52.6319	52.692	52.6298	53.0569
49	52.4614	52.6617	52.5898	52.5618	53.1188
50	52.5002	52.6417	52.6664	52.6244	53.0156
51	52.475	52.6966	52.62	52.6167	53.0588
52	52.5107	52.6423	52.6848	52.6359	53.0064
53	52.4825	52.6833	52.6854	52.5872	53.0377
54	52.5048	52.6186	52.6437	52.6069	53.0735
55	52.4692	52.6945	52.7361	52.63	53.0055
56	52.4978	52.6707	52.6815	52.6675	53.0943
57	52.5219	52.6686	52.7107	52.6061	53.0695
58	52.534	52.6756	52.6133	52.6292	53.138
59	52.4999	52.6969	52.715	52.6646	53.0231
60	52.5152	52.7417	52.6603	52.6378	53.126
61	52.5112	52.6642	52.7145	52.6539	53.0294
62	52.5529	52.6884	52.634	52.6474	53.0313
63	52.5021	52.7883	52.7112	52.6996	53.1003
64	52.5329	52.5729	52.6218	52.6421	53.0279
65	52.4812	52.6539	52.6599	52.6739	53.1157
66	52.4588	52.6821	52.6232	52.6047	52.9793
67	52.5089	52.606	52.7411	52.6381	53.0743
68	52.4523	52.717	52.6178	52.6098	53.0129
69	52.5114	52.6316	52.6957	52.6612	53.038
70	52.5202	52.6921	52.574	52.6137	53.0804
71	52.4783	52.6087	52.6894	52.6248	53.0415
72	52.4676	52.7266	52.614	52.61	53.11
73	52.4945	52.6347	52.6834	52.5816	53.0117
74	52.5008	52.6476	52.6134	52.5719	53.1262
75	52.5021	52.5986	52.673	52.6185	53.0048
76	52.4635	52.6149	52.5765	52.6469	53.0104
77	52.4654	52.6786	52.6576	52.6197	53.0522
78	52.5525	52.6547	52.6226	52.6259	53.0033
79	52.4829	52.7005	52.7015	52.6072	53.0739
80	52.5121	52.6341	52.6152	52.6136	52.9785
81	52.4626	52.6707	52.6611	52.6239	52.999
82	52.5317	52.6189	52.713	52.6507	53.0995
83	52.5123	52.6848	52.6698	52.638	53.0293
84	52.5249	52.7091	52.6746	52.6132	53.1092
85	52.4732	52.6661	52.6742	52.6706	53.0231
86	52.5089	52.7022	52.5963	52.7025	53.0476
87	52.5318	52.7014	52.7283	52.6476	53.0631
88	52.4782	52.6918	52.6124	52.6735	52.9783
89	52.5173	52.7104	52.7005	52.6569	53.0658
90	52.4735	52.6445	52.6209	52.6526	52.9883
91	52.5343	52.7368	52.6362	52.6549	52.994
92	52.4704	52.6498	52.5981	52.5934	52.964
93	52.4878	52.678	52.6858	52.6508	53.0455
94	52.533	52.6262	52.6685	52.5927	53.0196
95	52.4859	52.6942	52.6541	52.6038	53.0584
96	52.4861	52.6121	52.6175	52.6265	53.0166
97	52.4912	52.6737	52.6685	52.5878	52.9451
98	52.5314	52.6703	52.6429	52.6036	53.0189
99	52.4869	52.7209	52.7138	52.6671	53.0308
100	52.5005	52.6429	52.6152	52.6071	53.0285
101	52.4711	52.6692	52.6572	52.6573	53.0326
102	52.498	52.606	52.7031	52.566	53.0344
103	52.4769	52.6568	52.6484	52.6691	52.9677
104	52.5383	52.7181	52.6965	52.6185	53.0615
105	52.5155	52.6213	52.6934	52.6389	52.9934
106	52.5069	52.6779	52.6648	52.609	53.0598
107	52.4963	52.7238	52.7199	52.6975	53.0109
108	52.5092	52.7131	52.6196	52.6638	52.9977
109	52.5484	52.7089	52.6357	52.6734	53.0675
110	52.5146	52.6534	52.701	52.5905	53.0811
111	52.5468	52.7329	52.5909	52.6767	53.0604
112	52.4849	52.6767	52.69	52.6428	53.0889
113	52.5454	52.7124	52.5893	52.673	53.0761
114	52.5649	52.7024	52.6928	52.6035	53.0653
115	52.5109	52.6683	52.5611	52.6105	53.0364
116	52.4971	52.7301	52.7108	52.5953	53.1311
117	52.4644	52.6319	52.6438	52.6606	53.0544
118	52.4981	52.7009	52.588	52.6161	53.0719
119	52.5116	52.5948	52.6441	52.5945	53.0014
120	52.5525	52.7	52.6423	52.6261	53.0373
121	52.4839	52.653	52.5259	52.5818	53.0454
122	52.4799	52.6455	52.6307	52.6534	53.0132
123	52.5286	52.6588	52.6373	52.6034	53.0929
124	52.5588	52.6482	52.6207	52.6247	53.0047
125	52.4941	52.7204	52.5867	52.5566	53.0129
126	52.431	52.6302	52.533	52.6367	53.0832
127	52.4481	52.7098	52.6257	52.6138	53.0164
128	52.489	52.5961	52.6207	52.6383	53.068
129	52.5406	52.6665	52.65	52.572	53.0379
130	52.4874	52.6072	52.571	52.6039	53.0948
131	52.5523	52.6675	52.7024	52.6559	53.0156
132	52.4868	52.6415	52.6594	52.6012	53.0403
133	52.545	52.7125	52.67	52.6607	53.0059
134	52.5568	52.6699	52.6988	52.6425	53.1216
135	52.4886	52.6905	52.7618	52.6431	53.0243
136	52.5441	52.6689	52.6534	52.5939	53.0578
137	52.5066	52.6642	52.6619	52.6272	53.0892
138	52.526	52.7028	52.7158	52.6911	53.0359
139	52.4924	52.62	52.6916	52.5878	53.12
140	52.5319	52.7083	52.7203	52.6245	53.0452
141	52.5726	52.6673	52.652	52.6345	53.1064
142	52.4724	52.7028	52.583	52.5874	53.0176
143	52.5702	52.6378	52.6589	52.7008	53.1143
144	52.4565	52.6734	52.5573	52.6017	53.0196
145	52.5088	52.5876	52.691	52.6589	52.9466
146	52.4781	52.6862	52.5941	52.6507	53.0268
147	52.4957	52.5438	52.687	52.616	53.0077
148	52.4683	52.6928	52.6096	52.658	53.0314
149	52.5906	52.6458	52.6491	52.6532	53.0703
150	52.4615	52.6388	52.6326	52.5913	52.9687
151	52.5223	52.6701	52.6245	52.6417	53.0285
152	52.4865	52.7262	52.7307	52.5866	52.9678
153	52.5358	52.625	52.5742	52.5982	53.0652
154	52.4783	52.6985	52.6004	52.645	52.9958
155	52.4584	52.6744	52.6214	52.5584	53.0108
156	52.5238	52.6708	52.6468	52.5901	53.073
157	52.5197	52.6707	52.6141	52.5646	52.9761
158	52.4909	52.6202	52.6588	52.5295	53.0883
159	52.4993	52.6865	52.659	52.6433	53.058
160	52.5152	52.6867	52.7211	52.5985	53.0552
161	52.5459	52.5942	52.6572	52.6669	53.0212
162	52.5525	52.7134	52.6519	52.5681	53.0463
163	52.4845	52.6235	52.6935	52.611	53.0927
164	52.5635	52.701	52.6236	52.6086	52.9961
165	52.5137	52.6109	52.6591	52.6181	53.0701
