VOLNUM	fmriSeriesMoCoSeries_3.bxh	fmriSeriesMoCoSeries_5.bxh	fmriSeriesMoCoSeries_7.bxh	fmriSeriesMoCoSeries_9.bxh	fmriSeriesMoCoSeries_11.bxh
0	-1	2.43156	3.06356	3.19291	2.90641
1	2.9444	2.81077	2.67025	3.05261	3.28793
2	-1	2.77394	2.61698	2.39176	2.5345
3	2.33158	3.61126	2.52411	-1	3.22645
4	-1	2.73641	3.08998	2.29629	-1
5	2.27326	3.25477	3.28845	-1	2.97327
6	-1	2.61323	3.38456	-1	3.31339
7	2.21892	3.23393	3.26694	-1	3.10943
8	-1	3.29618	2.98687	-1	3.22991
9	1.58261	3.21902	3.59478	-1	3.11781
10	-1	3.19274	3.25795	-1	3.66735
11	3.12322	2.70571	2.97651	2.86957	3.15464
12	2.88421	3.4956	3.53022	-1	3.18778
13	2.90068	2.01193	3.62817	1.67729	-1
14	3.0669	3.008	3.37314	2.64228	3.27067
15	3.03215	-1	3.57539	-1	2.25328
16	3.06089	2.58169	3.56839	3.00796	2.97963
17	2.92904	-1	3.22354	-1	2.88081
18	3.16714	2.74338	2.81514	2.91623	3.19375
19	3.42531	2.86873	2.66318	2.56283	2.82865
20	3.49473	2.0928	3.56064	2.70131	2.51784
21	3.13959	2.63329	3.10653	2.80039	3.14784
22	2.92784	-1	3.13225	3.20917	3.1327
23	-1	1.88211	2.439	3.48792	-1
24	3.13896	-1	3.11443	2.81121	2.87765
25	3.32774	2.88917	3.50137	3.82916	2.66024
26	3.04795	3.84043	-1	3.00971	2.48491
27	3.05691	3.25479	2.63552	2.9521	2.79561
28	2.87088	3.54533	2.25406	3.33657	2.84623
29	3.24487	2.97806	-1	2.36219	3.13299
30	2.98406	3.49351	3.11614	3.22094	3.26973
31	2.58395	3.20065	2.65552	2.89049	2.77066
32	2.72059	3.27365	2.03473	2.88922	3.05868
33	3.14039	2.84665	2.97827	3.11061	3.22437
34	3.11381	3.22616	3.48107	2.66602	3.78695
35	3.57219	2.94291	2.68448	3.23805	3.00315
36	2.99646	3.37702	3.30826	2.97175	3.11448
37	2.75775	3.29032	3.29514	2.72273	2.69013
38	3.28397	-1	2.31649	2.86239	-1
39	2.62456	2.79578	3.14445	2.34533	2.25148
40	2.91946	-1	-1	2.41378	2.13326
41	2.99877	2.79305	3.59551	2.89091	2.74672
42	3.18538	2.16237	-1	2.77404	3.07886
43	2.92316	3.25484	2.70959	2.30685	3.28015
44	2.06205	2.15861	3.2083	3.07016	2.89082
45	-1	3.26896	2.72825	3.54087	3.28787
46	2.82957	2.54854	2.98293	2.8734	2.42002
47	2.96122	3.18207	2.34404	2.34268	2.82546
48	1.83628	2.81937	3.03834	3.39034	2.80186
49	-1	2.82702	2.35542	2.46236	3.14875
50	2.80061	2.839	2.88359	3.11304	-1
51	2.73367	2.80652	3.1203	3.24018	2.87992
52	2.48779	3.31576	2.93417	3.06681	-1
53	2.85519	3.01053	2.44025	3.07659	3.27097
54	2.76855	2.596	2.95069	3.27191	2.99347
55	3.11312	3.213	-1	3.53642	2.786
56	3.3804	2.83292	3.12585	3.36683	2.90885
57	3.62641	3.42678	2.61442	3.06601	3.35167
58	3.50962	3.40212	3.20899	3.2944	3.05245
59	3.25961	3.52191	3.13426	3.20192	1.96211
60	3.19801	3.31808	3.37717	3.41615	2.67123
61	3.41571	3.38092	3.31312	2.6195	3.41188
62	3.06135	3.13713	2.94925	3.26533	2.30748
63	3.58001	3.04425	3.16552	-1	2.93953
64	2.8832	2.39275	3.16645	2.76492	2.70122
65	3.10454	-1	2.89948	2.87758	3.37517
66	2.62466	3.29786	3.53706	1.69598	2.80646
67	1.84179	-1	2.58766	3.14799	3.51781
68	2.42471	3.35053	2.46394	3.39739	2.60312
69	3.06502	2.48988	3.42369	2.96106	3.07656
70	2.52548	2.20135	-1	3.38719	3.02611
71	2.90122	2.43759	2.60485	2.67507	3.70224
72	3.29274	2.6078	3.13327	2.89952	2.32486
73	3.02596	2.42933	3.19824	2.47444	2.61479
74	2.81412	-1	3.61455	3.06819	3.10817
75	2.77973	-1	3.05871	2.55531	2.70412
76	3.02077	-1	2.8782	2.90381	-1
77	2.50304	-1	3.2084	2.88307	3.43577
78	2.3663	-1	2.03436	2.39537	3.05911
79	2.97641	2.57946	3.34368	2.385	2.94933
80	2.35696	-1	2.37542	3.06328	2.88366
81	2.22094	2.64659	3.28224	3.01144	3.23766
82	3.16033	2.71924	3.27742	3.04813	3.16359
83	3.03925	3.26512	3.68219	3.02639	3.98375
84	3.34694	3.59927	2.80545	3.22524	-1
85	3.1831	3.36137	2.88534	3.21974	3.42965
86	3.36172	3.54897	-1	2.78858	2.83744
87	3.15346	3.40091	2.85857	2.80061	-1
88	3.45343	2.82232	3.08882	2.99443	2.76785
89	-1	3.29331	3.31541	2.99281	-1
90	2.63037	3.14906	2.91832	3.22003	2.91641
91	2.79641	3.24692	2.23286	2.63047	2.80345
92	3.11897	3.72975	2.77913	-1	2.15264
93	2.49894	3.25271	3.07448	2.45089	1.90794
94	3.32174	3.18295	2.94532	-1	-1
95	2.24259	3.05542	3.08557	3.18577	3.26797
96	2.58318	2.69835	2.73232	3.25701	3.19265
97	1.91092	2.84523	3.09542	2.88633	-1
98	2.85073	2.42715	2.49245	2.96506	3.4844
99	2.36203	3.00346	3.08819	3.50224	3.63078
100	2.86489	2.26222	2.57384	2.76167	3.13866
101	2.40958	2.51359	2.90189	2.94059	3.58718
102	2.61038	2.5386	3.41548	3.05909	3.08831
103	-1	3.26262	4.18516	2.2336	2.55771
104	2.57968	3.36204	3.23066	3.35738	3.65309
105	-1	2.61772	3.5232	-1	3.2589
106	3.33829	-1	3.6312	2.51727	3.10201
107	2.71055	2.85945	2.37237	-1	3.37147
108	2.93314	3.06912	3.56389	2.92884	2.75835
109	2.96613	2.59598	2.86995	1.73525	2.89374
110	3.63491	2.92156	3.24658	-1	3.40046
111	2.30456	-1	4.22883	2.87325	2.89631
112	3.12097	3.37032	1.9187	2.63952	2.6499
113	3.03751	-1	3.6012	2.9329	3.10748
114	2.64296	2.95493	-1	2.67802	-1
115	3.18927	3.15206	2.90349	2.0693	2.83615
116	2.87685	3.57375	3.29107	2.41439	3.03611
117	4.18081	3.32776	3.01681	2.29439	3.42391
118	2.85073	2.86062	2.52795	2.91485	2.96149
119	3.17061	2.50178	3.53725	-1	3.01538
120	1.94041	-1	3.32634	2.47757	2.53432
121	2.75999	2.23565	-1	-1	3.26748
122	2.57561	2.83449	2.74578	2.62285	2.35811
123	2.40458	2.99596	2.39711	-1	2.72879
124	3.18795	3.31852	1.78445	2.5637	-1
125	2.8389	2.56361	2.611	-1	3.01514
126	2.96328	2.27781	-1	2.04532	-1
127	2.71654	3.18238	2.55367	-1	3.30079
128	2.07037	3.32141	-1	2.74065	3.21541
129	-1	3.49418	3.3658	-1	3.15752
130	2.07062	2.98372	2.79738	2.83161	3.1175
131	-1	2.71983	3.02051	2.80435	3.49451
132	2.16014	2.84689	2.80979	2.87167	3.20678
133	2.02525	3.51962	3.2291	2.45682	3.17393
134	3.30193	2.66372	3.72596	2.9865	2.34447
135	3.03159	2.69389	2.79128	3.05681	3.06873
136	2.66055	3.24896	3.74045	3.00595	2.85357
137	3.52092	3.20527	3.54916	2.93152	2.95938
138	3.07924	2.62635	3.06955	2.77971	3.64687
139	3.40262	2.97113	2.88338	3.30574	-1
140	3.4139	-1	3.35289	-1	2.26676
141	2.90107	2.80469	2.88461	3.31864	3.49388
142	2.15194	3.01566	2.17073	3.65394	2.68031
143	3.22529	2.81462	2.45238	2.49091	3.00591
144	2.12616	3.36773	-1	3.57971	2.88359
145	3.03519	3.0606	2.89286	3.03613	-1
146	3.20265	3.05119	-1	3.59619	3.2224
147	2.74447	2.89984	3.28177	3.01182	1.82165
148	1.86869	3.00197	-1	3.28952	-1
149	2.87535	2.66604	2.85722	3.3687	2.84329
150	3.06207	3.29453	3.07698	3.07627	-1
151	2.97644	2.72015	2.7114	3.25914	2.72565
152	3.38785	3.45081	2.33879	2.57038	-1
153	2.36585	2.91607	-1	-1	2.55736
154	2.62068	-1	2.9531	3.0332	2.32651
155	1.82322	2.63103	2.67948	-1	2.63313
156	2.82308	2.50247	1.84756	-1	2.90266
157	3.15654	2.23814	2.23556	-1	2.96638
158	2.98613	3.20895	2.47934	-1	2.49481
159	3.01823	-1	1.94437	2.41714	2.45398
160	3.14508	2.41268	3.41934	-1	2.68766
161	3.36418	3.22954	2.83764	2.18464	3.13131
162	2.11196	-1	2.71849	-1	2.87187
163	3.04334	2.40438	3.16681	2.31824	3.49273
164	2.06623	-1	3.56635	-1	2.78124
165	3.54212	2.8557	3.13124	2.85055	3.31105
