VOLNUM	fmriSeriesEncode#1Run1_2.bxh	fmriSeriesEncode#1Run2_4.bxh	fmriSeriesEncode#1Run3_6.bxh	fmriSeriesEncode#1Run4_8.bxh	fmriSeriesEncode#1Run5_10.bxh
0	52.8151	52.8487	52.4457	52.5055	52.6459
1	52.7806	52.7499	52.5669	52.5063	52.5453
2	52.8224	52.7695	52.4392	52.5264	52.5864
3	52.7614	52.733	52.5266	52.5026	52.6308
4	52.8573	52.7014	52.4607	52.5557	52.5812
5	52.7828	52.7633	52.3743	52.4629	52.5578
6	52.859	52.6886	52.4635	52.5113	52.5303
7	52.8274	52.7936	52.4045	52.5266	52.5864
8	52.9185	52.7017	52.4798	52.4227	52.5182
9	52.7859	52.7857	52.3555	52.4961	52.5932
10	52.9097	52.7198	52.4225	52.4993	52.496
11	52.9431	52.7864	52.5022	52.2484	52.5961
12	52.9159	52.8545	52.6327	52.3831	52.497
13	53.0878	52.8066	52.4985	52.2438	52.5815
14	52.9555	52.8018	52.5581	52.2058	52.4723
15	52.9607	52.7818	52.5011	52.3095	52.5271
16	52.9441	52.7657	52.5248	52.4274	52.5096
17	52.9001	53.024	52.5507	52.4959	52.5223
18	52.9856	52.802	52.5312	52.5028	52.5049
19	53.1395	52.8713	52.4863	52.3999	52.4851
20	52.9373	52.8457	52.5115	52.5612	52.4492
21	53.0034	52.8493	52.4597	52.4444	52.4302
22	53.0115	52.8494	52.5251	52.6718	52.4887
23	53.1495	53.0796	52.5263	52.4506	52.5098
24	52.9283	52.8486	52.4921	52.4611	52.4256
25	53.0016	52.9155	52.456	52.5353	52.319
26	52.9704	52.8174	52.5266	52.4641	52.4633
27	52.9986	52.8389	52.4549	52.5294	52.4087
28	52.9295	52.8109	52.501	52.3882	52.4859
29	53.0248	52.8599	52.4909	52.5258	52.4337
30	52.9891	52.7823	52.4821	52.3865	52.3855
31	53.0259	52.8758	52.4355	52.5236	52.4738
32	52.9859	52.8202	52.4296	52.4067	52.4071
33	53.0062	52.8139	52.3983	52.4354	52.3372
34	52.937	52.8577	52.4316	52.4805	52.4513
35	52.9984	52.8287	52.3524	52.3956	52.3822
36	52.9516	52.8259	52.4535	52.498	52.4588
37	53.0393	52.8897	52.391	52.439	52.5559
38	52.9844	52.8855	52.5615	52.531	52.6099
39	53.0197	52.8242	52.4798	52.4609	52.6109
40	52.9934	52.8603	52.4562	52.4655	52.5899
41	52.9222	52.8024	52.4495	52.4599	52.5209
42	53.041	52.8773	52.4501	52.3869	52.6578
43	52.9769	52.876	52.5336	52.4873	52.5573
44	52.9679	52.8563	52.6124	52.5784	52.6296
45	52.9322	52.8754	52.4496	52.4984	52.4861
46	52.8951	52.8248	52.5386	52.47	52.6058
47	52.9112	52.8258	52.3951	52.4505	52.4712
48	53.1069	53.0138	52.4975	52.4389	52.5643
49	53.0341	52.9013	52.5205	52.5491	52.6308
50	53.0446	52.8641	52.6021	52.5127	52.5795
51	52.9647	52.901	52.4983	52.5303	52.5154
52	52.9779	52.7851	52.5046	52.5409	52.4853
53	53.0066	52.8791	52.4428	52.5039	52.4659
54	52.9477	52.7467	52.4941	52.4109	52.3883
55	53.0289	52.8569	52.4017	52.5161	52.3998
56	52.9476	52.7921	52.4961	52.4565	52.4074
57	53.0008	52.7573	52.3808	52.5881	52.381
58	52.9947	52.8424	52.4258	52.4504	52.4359
59	52.9696	52.7687	52.4302	52.5384	52.3385
60	53.0409	52.8415	52.3373	52.489	52.4231
61	52.9454	52.807	52.4229	52.5913	52.3223
62	52.9733	52.7588	52.3268	52.4861	52.3451
63	53.1215	52.8838	52.4815	52.6228	52.3308
64	52.9213	52.8138	52.3983	52.5325	52.4022
65	52.9647	52.7851	52.4554	52.5747	52.556
66	52.9283	52.8188	52.3649	52.4825	52.3354
67	52.8828	52.79	52.424	52.516	52.466
68	52.9546	52.8107	52.4621	52.5211	52.401
69	53.0304	52.8954	52.4445	52.6082	52.4881
70	52.9167	52.7916	52.4135	52.4501	52.5813
71	52.9671	52.8983	52.4371	52.4441	52.3958
72	52.9576	52.7604	52.3962	52.4939	52.5741
73	52.9438	52.8771	52.4223	52.3541	52.3762
74	53.0042	52.8323	52.4513	52.6496	52.528
75	53.0399	52.8724	52.4449	52.4692	52.4327
76	52.9098	52.8039	52.4537	52.5694	52.4623
77	52.9863	52.8158	52.3425	52.4539	52.4225
78	52.8916	52.8489	52.4539	52.5328	52.3876
79	52.9194	52.7783	52.3184	52.4233	52.4679
80	52.9018	52.8537	52.4545	52.4994	52.339
81	52.9064	52.7682	52.3807	52.4374	52.4716
82	52.8939	52.8656	52.3662	52.4786	52.4385
83	52.9311	52.8104	52.4248	52.518	52.4925
84	52.8583	52.8128	52.2999	52.3789	52.3868
85	52.9953	52.8509	52.3606	52.5228	52.3377
86	52.8707	52.7759	52.3378	52.4829	52.3651
87	52.9735	52.8186	52.4467	52.5555	52.4171
88	52.9207	52.7298	52.3896	52.5043	52.4062
89	52.9339	52.8128	52.4833	52.5978	52.4255
90	53.0887	52.852	52.2902	52.6312	52.4862
91	53.0142	52.8748	52.4247	52.4939	52.409
92	52.9153	52.7687	52.3123	52.6294	52.282
93	52.9632	52.8609	52.3476	52.4854	52.3787
94	52.9357	52.7377	52.3162	52.6115	52.3614
95	53.0828	52.9436	52.4269	52.5768	52.5358
96	52.93	52.7715	52.3856	52.5761	52.4435
97	52.9804	52.796	52.3811	52.5776	52.5077
98	52.9044	52.7693	52.4034	52.5562	52.4653
99	52.8871	52.7895	52.2996	52.4973	52.3942
100	53.0821	52.8043	52.3955	52.6848	52.5651
101	52.8898	52.8229	52.2912	52.5055	52.4497
102	52.9915	52.8519	52.389	52.6329	52.5331
103	52.8593	52.7546	52.3324	52.4588	52.4112
104	52.9183	52.8616	52.2967	52.5376	52.5538
105	52.9208	52.6763	52.4022	52.5434	52.4358
106	52.8944	52.8265	52.2214	52.5313	52.3969
107	52.898	52.7043	52.3838	52.5905	52.4598
108	52.9297	52.756	52.2651	52.4359	52.4368
109	52.8816	52.7523	52.3462	52.5367	52.4753
110	52.9323	52.7246	52.2965	52.4002	52.4204
111	52.9516	52.7988	52.339	52.4382	52.4878
112	52.9305	52.6729	52.4265	52.4518	52.3271
113	52.9137	52.8079	52.2381	52.5122	52.5131
114	52.9127	52.69	52.3449	52.4983	52.3378
115	53.0168	52.8924	52.3647	52.6717	52.5742
116	53.0215	52.7723	52.4804	52.4957	52.3631
117	52.8766	52.7304	52.4287	52.6039	52.5419
118	52.9431	52.7999	52.4506	52.4579	52.361
119	52.8692	52.6405	52.3783	52.5439	52.5516
120	52.9404	52.8643	52.4856	52.4478	52.5271
121	52.9747	52.696	52.3381	52.6478	52.2456
122	53.038	52.762	52.5408	52.5379	52.4292
123	52.8888	52.67	52.3436	52.587	52.5061
124	52.9418	52.636	52.4918	52.5208	52.2619
125	52.848	52.7247	52.3539	52.4964	52.416
126	53.0803	52.7236	52.4723	52.5194	52.4384
127	52.9845	52.8023	52.4924	52.6613	52.5883
128	52.9705	52.6518	52.4843	52.4922	52.542
129	52.9172	52.7873	52.3479	52.6179	52.6054
130	53.0135	52.6161	52.4145	52.503	52.6225
131	52.9008	52.7231	52.3571	52.4149	52.5207
132	52.968	52.6274	52.3534	52.5307	52.6969
133	52.925	52.6369	52.3959	52.4474	52.5188
134	52.9835	52.7126	52.3346	52.4298	52.6684
135	52.9171	52.5713	52.4761	52.4796	52.5636
136	52.9638	52.7342	52.3265	52.3017	52.5921
137	52.9383	52.5517	52.4312	52.5245	52.6079
138	52.9302	52.5997	52.3322	52.4111	52.5666
139	52.9274	52.6691	52.2846	52.4914	52.6113
140	52.9387	52.5952	52.3187	52.4719	52.6232
141	52.8851	52.6775	52.3468	52.345	52.61
142	53.095	52.7304	52.4565	52.4744	52.5665
143	52.9006	52.6829	52.4266	52.4361	52.5585
144	52.9722	52.6203	52.472	52.4953	52.5074
145	52.8741	52.6263	52.3688	52.4667	52.4908
146	52.9407	52.5794	52.4238	52.4007	52.4647
147	52.976	52.7537	52.5294	52.4984	52.543
148	53.052	52.7563	52.4045	52.3545	52.4564
149	52.9008	52.6644	52.4586	52.5226	52.4617
150	52.9761	52.677	52.4338	52.5074	52.4628
151	52.8672	52.7032	52.3973	52.582	52.3827
152	52.962	52.6894	52.5014	52.5293	52.6262
153	52.9955	52.8105	52.5135	52.6375	52.4344
154	52.9349	52.6755	52.5275	52.4751	52.4594
155	52.9367	52.6536	52.4379	52.4924	52.5085
156	52.9209	52.7336	52.5067	52.5475	52.4504
157	52.9014	52.6525	52.361	52.503	52.5549
158	52.9906	52.7241	52.4184	52.6809	52.5058
159	52.8734	52.6921	52.4255	52.469	52.6081
160	52.9861	52.6049	52.348	52.4905	52.5133
161	52.858	52.6683	52.5044	52.619	52.5565
162	52.9387	52.6002	52.3199	52.5885	52.627
163	52.9558	52.6251	52.4576	52.2851	52.5248
164	52.8721	52.6993	52.3292	52.4705	52.6745
165	52.9543	52.545	52.3492	52.4611	52.5553
