VOLNUM	fmriSeriesEncode#1Run1_2.bxh	fmriSeriesEncode#1Run2_4.bxh	fmriSeriesEncode#1Run3_6.bxh	fmriSeriesEncode#1Run4_8.bxh	fmriSeriesEncode#1Run5_10.bxh
0	112.651	112.917	113.083	113.093	113.446
1	112.596	112.868	113.238	113.279	113.639
2	112.576	112.936	113.044	113.251	113.548
3	112.61	112.86	113.134	113.308	113.623
4	112.567	112.906	113.049	113.293	113.535
5	112.591	112.825	113.126	113.313	113.621
6	112.505	112.922	113.151	113.321	113.548
7	112.614	112.847	113.256	113.255	113.562
8	112.554	112.915	113.051	113.29	113.516
9	112.62	112.903	113.134	113.288	113.559
10	112.537	112.873	113.092	113.217	113.464
11	112.594	112.911	113.234	113.221	113.513
12	112.592	112.905	113.241	113.196	113.51
13	112.628	112.985	113.325	113.203	113.555
14	112.654	113.003	113.328	113.294	113.538
15	112.634	113.009	113.352	113.258	113.549
16	112.658	112.964	113.305	113.418	113.519
17	112.69	112.973	113.338	113.357	113.544
18	112.697	113.011	113.285	113.411	113.538
19	112.729	113.02	113.377	113.339	113.547
20	112.696	112.966	113.248	113.353	113.509
21	112.683	112.966	113.329	113.367	113.596
22	112.715	112.926	113.265	113.313	113.608
23	112.711	113.001	113.303	113.433	113.619
24	112.704	113.018	113.235	113.457	113.551
25	112.691	113.003	113.321	113.286	113.605
26	112.643	112.99	113.235	113.381	113.614
27	112.604	112.991	113.344	113.355	113.636
28	112.627	112.927	113.236	113.387	113.549
29	112.593	112.934	113.321	113.289	113.662
30	112.601	112.875	113.259	113.372	113.549
31	112.62	112.912	113.255	113.195	113.612
32	112.61	112.83	113.26	113.309	113.512
33	112.635	112.854	113.237	113.177	113.616
34	112.624	112.801	113.31	113.234	113.537
35	112.604	112.875	113.251	113.212	113.627
36	112.557	112.835	113.301	113.245	113.541
37	112.674	112.876	113.235	113.171	113.673
38	112.669	112.918	113.352	113.263	113.629
39	112.641	112.913	113.313	113.247	113.724
40	112.674	112.938	113.308	113.275	113.706
41	112.654	112.941	113.287	113.217	113.682
42	112.637	112.923	113.352	113.285	113.713
43	112.719	112.939	113.293	113.276	113.75
44	112.7	112.964	113.4	113.349	113.686
45	112.7	112.899	113.387	113.247	113.699
46	112.658	112.994	113.38	113.264	113.612
47	112.664	112.926	113.309	113.226	113.728
48	112.627	112.971	113.325	113.287	113.627
49	112.721	112.98	113.295	113.272	113.661
50	112.635	113.022	113.367	113.343	113.639
51	112.69	112.929	113.301	113.285	113.642
52	112.614	112.999	113.346	113.315	113.58
53	112.658	112.899	113.305	113.244	113.587
54	112.605	112.951	113.275	113.272	113.608
55	112.63	112.924	113.249	113.285	113.562
56	112.597	112.872	113.236	113.324	113.617
57	112.649	112.938	113.212	113.364	113.557
58	112.583	112.849	113.262	113.34	113.587
59	112.684	112.895	113.169	113.345	113.55
60	112.617	112.928	113.226	113.263	113.533
61	112.65	112.903	113.168	113.313	113.522
62	112.599	112.958	113.212	113.248	113.514
63	112.643	112.922	113.212	113.31	113.544
64	112.656	112.98	113.31	113.307	113.585
65	112.711	112.903	113.227	113.319	113.628
66	112.642	112.946	113.268	113.295	113.606
67	112.722	112.88	113.243	113.342	113.629
68	112.654	113.001	113.232	113.367	113.651
69	112.739	112.896	113.289	113.391	113.595
70	112.713	112.995	113.254	113.378	113.682
71	112.708	112.911	113.298	113.344	113.663
72	112.687	112.96	113.254	113.268	113.683
73	112.688	112.897	113.308	113.357	113.714
74	112.697	112.98	113.243	113.328	113.731
75	112.767	112.933	113.346	113.402	113.697
76	112.715	112.924	113.227	113.35	113.72
77	112.698	112.961	113.315	113.348	113.619
78	112.72	112.918	113.304	113.275	113.679
79	112.615	112.962	113.319	113.269	113.624
80	112.685	112.882	113.335	113.299	113.684
81	112.634	112.909	113.278	113.289	113.684
82	112.606	112.891	113.336	113.26	113.611
83	112.597	112.9	113.247	113.246	113.625
84	112.634	112.892	113.282	113.346	113.578
85	112.605	112.897	113.219	113.362	113.581
86	112.636	112.952	113.262	113.396	113.579
87	112.632	112.876	113.294	113.31	113.653
88	112.622	112.967	113.303	113.37	113.576
89	112.609	112.931	113.32	113.259	113.673
90	112.688	113.014	113.343	113.328	113.591
91	112.717	112.988	113.281	113.294	113.69
92	112.727	112.998	113.262	113.326	113.56
93	112.671	112.97	113.284	113.332	113.619
94	112.716	112.975	113.275	113.345	113.674
95	112.688	112.982	113.349	113.42	113.681
96	112.735	112.982	113.326	113.323	113.741
97	112.686	112.996	113.347	113.418	113.721
98	112.75	112.978	113.297	113.299	113.755
99	112.664	112.944	113.365	113.396	113.65
100	112.725	112.873	113.356	113.298	113.702
101	112.737	112.996	113.324	113.38	113.655
102	112.691	112.938	113.333	113.306	113.665
103	112.676	113.036	113.315	113.326	113.694
104	112.648	112.927	113.367	113.301	113.689
105	112.702	112.989	113.287	113.3	113.713
106	112.659	112.906	113.325	113.368	113.723
107	112.662	112.893	113.315	113.276	113.684
108	112.587	112.862	113.276	113.308	113.761
109	112.636	112.851	113.281	113.308	113.599
110	112.609	112.91	113.229	113.315	113.732
111	112.614	112.832	113.308	113.334	113.531
112	112.572	112.885	113.2	113.311	113.596
113	112.638	112.856	113.243	113.317	113.554
114	112.603	112.874	113.235	113.302	113.622
115	112.643	112.872	113.282	113.312	113.639
116	112.688	112.912	113.337	113.336	113.664
117	112.698	112.943	113.296	113.319	113.629
118	112.668	112.873	113.343	113.318	113.662
119	112.677	112.947	113.34	113.325	113.644
120	112.634	112.896	113.313	113.325	113.623
121	112.747	113.011	113.403	113.303	113.651
122	112.685	112.964	113.314	113.353	113.619
123	112.715	112.972	113.384	113.411	113.594
124	112.693	112.932	113.273	113.403	113.697
125	112.656	112.851	113.331	113.42	113.691
126	112.68	113	113.325	113.351	113.706
127	112.772	112.903	113.4	113.4	113.72
128	112.711	113.021	113.389	113.383	113.791
129	112.739	112.952	113.368	113.371	113.709
130	112.654	112.999	113.36	113.298	113.687
131	112.716	112.931	113.327	113.361	113.593
132	112.673	112.923	113.337	113.308	113.686
133	112.661	112.975	113.234	113.29	113.697
134	112.65	112.863	113.29	113.268	113.663
135	112.65	112.917	113.225	113.222	113.787
136	112.635	112.826	113.315	113.284	113.555
137	112.624	112.926	113.246	113.278	113.69
138	112.652	112.948	113.267	113.312	113.617
139	112.632	112.898	113.301	113.288	113.69
140	112.667	112.97	113.265	113.252	113.611
141	112.631	112.91	113.33	113.271	113.629
142	112.683	112.999	113.303	113.298	113.656
143	112.681	112.976	113.419	113.326	113.662
144	112.704	112.982	113.317	113.329	113.633
145	112.689	112.903	113.386	113.279	113.656
146	112.733	112.955	113.295	113.379	113.61
147	112.695	112.882	113.323	113.287	113.636
148	112.745	113.003	113.315	113.325	113.592
149	112.757	112.967	113.397	113.351	113.634
150	112.708	113.029	113.269	113.406	113.602
151	112.717	112.897	113.38	113.427	113.635
152	112.675	113.085	113.239	113.414	113.642
153	112.767	112.959	113.376	113.449	113.646
154	112.723	112.987	113.231	113.385	113.589
155	112.759	112.919	113.367	113.406	113.535
156	112.728	112.931	113.251	113.308	113.633
157	112.77	112.924	113.27	113.412	113.63
158	112.678	112.94	113.261	113.31	113.671
159	112.661	112.818	113.199	113.391	113.616
160	112.588	112.888	113.292	113.29	113.676
161	112.649	112.806	113.212	113.278	113.597
162	112.622	112.856	113.278	113.313	113.587
163	112.59	112.838	113.255	113.27	113.603
164	112.655	112.814	113.272	113.391	113.609
165	112.582	112.874	113.284	113.424	113.688
