VOLNUM	fmriSeriesMoCoSeries_3.bxh	fmriSeriesMoCoSeries_5.bxh	fmriSeriesMoCoSeries_7.bxh	fmriSeriesMoCoSeries_9.bxh	fmriSeriesMoCoSeries_11.bxh
0	51.8831	51.5248	50.945	50.8202	51.0232
1	51.8437	51.5108	50.9845	50.7716	51.0179
2	51.8723	51.5032	50.9345	50.7581	51.0031
3	51.859	51.5015	50.9848	50.7997	51.0341
4	51.8862	51.5057	50.9499	50.7783	51.0118
5	51.8724	51.5252	50.9708	50.7809	51.0485
6	51.8955	51.5075	50.9328	50.8097	51.0344
7	51.8488	51.5188	50.9765	50.817	51.012
8	51.9118	51.5234	50.9591	50.8322	51.0118
9	51.8616	51.5077	50.9567	50.8121	50.999
10	51.9119	51.5073	50.9368	50.8391	51.0245
11	51.8771	51.564	50.973	50.8929	51.0613
12	51.9218	51.5461	50.9655	50.8156	51.0545
13	51.8738	51.5468	50.9376	50.8349	51.0119
14	51.8805	51.5331	50.9332	50.8433	51.0297
15	51.8555	51.5058	50.9058	50.7892	50.9895
16	51.8853	51.5444	50.9441	50.8341	51.0383
17	51.8564	51.5233	50.9296	50.7897	51.0075
18	51.8939	51.5349	50.9279	50.8409	51.0391
19	51.8978	51.5225	50.9124	50.7885	51.0059
20	51.904	51.52	50.9313	50.8444	51.0181
21	51.8666	51.5168	50.9147	50.8841	50.9931
22	51.8983	51.5438	50.9483	50.8127	51.0588
23	51.86	51.5217	50.9412	50.8186	51.0329
24	51.8969	51.54	50.9579	50.8366	51.0364
25	51.8945	51.5296	50.9441	50.815	51.0008
26	51.8911	51.5339	50.9572	50.7984	51.0374
27	51.8778	51.5157	50.9295	50.7931	51.0059
28	51.884	51.5096	50.9519	50.794	51.0373
29	51.8752	51.5143	50.949	50.8191	50.9995
30	51.872	51.5153	50.9709	50.7989	51.0641
31	51.881	51.5175	50.9483	50.837	50.978
32	51.8648	51.5065	50.9949	50.815	51.0402
33	51.9143	51.5273	50.9417	50.8352	51.0243
34	51.847	51.5191	50.9504	50.8472	51.0247
35	51.8938	51.5158	50.9538	50.827	51.0534
36	51.8865	51.5422	50.9326	50.8168	51.0035
37	51.9098	51.5378	50.9653	50.8772	51.0658
38	51.9159	51.5527	50.9298	50.804	51.035
39	51.8854	51.5306	50.9474	50.8102	51.0273
40	51.8478	51.5536	50.9081	50.8059	51.0118
41	51.8639	51.4873	50.9317	50.8094	51.0172
42	51.8557	51.538	50.9218	50.8118	51.0336
43	51.9494	51.526	51.0199	50.8187	51.0532
44	51.8909	51.5357	50.9364	50.8366	50.8899
45	51.8904	51.5057	50.9598	50.8315	51.0519
46	51.8569	51.547	50.8539	50.8174	51.0037
47	51.8757	51.4876	50.942	50.8094	50.9742
48	51.9005	51.5732	50.9563	50.8303	51.0347
49	51.8552	51.5169	50.9541	50.825	51.0855
50	51.9046	51.5526	50.9387	50.7751	51.0378
51	51.8766	51.5055	50.9201	50.8416	51.0615
52	51.8762	51.5228	50.9176	50.8168	50.9992
53	51.8672	51.4897	50.9264	50.8246	51.0269
54	51.8756	51.5484	50.9518	50.8478	50.9956
55	51.8742	51.4913	50.9459	50.8464	51.045
56	51.8499	51.5446	51.0006	50.8518	51.0198
57	51.8826	51.4873	50.9457	50.8043	51.0485
58	51.8775	51.5231	50.9653	50.8159	51.0202
59	51.8565	51.5191	50.9903	50.8008	51.0346
60	51.9144	51.5288	50.9316	50.838	50.9987
61	51.8933	51.5354	50.9745	50.81	51.0298
62	51.9077	51.5144	50.9138	50.7956	51.0232
63	51.9687	51.5736	50.9674	50.8305	51.0531
64	51.9099	51.54	50.9404	50.8246	51.0185
65	51.8858	51.5724	50.9564	50.8226	51.0176
66	51.9214	51.5018	50.9288	50.8066	50.9992
67	51.8337	51.5458	50.9157	50.8156	51.0456
68	51.8739	51.5109	50.943	50.7971	51.0003
69	51.8743	51.5155	50.9207	50.831	51.0209
70	51.8831	51.5073	50.9395	50.8355	51.0454
71	51.876	51.5338	50.9331	50.8058	51.0228
72	51.8581	51.4887	50.9358	50.8315	51.0477
73	51.853	51.5152	50.9505	50.8213	50.9846
74	51.8732	51.5322	50.9401	50.8684	51.0432
75	51.8909	51.5608	50.94	50.8254	51.0072
76	51.8542	51.5004	50.9457	50.8381	51.03
77	51.8729	51.5427	50.9512	50.7954	51.0207
78	51.8589	51.5172	50.9379	50.8381	51.0076
79	51.8767	51.5273	50.9505	50.7865	51.032
80	51.8821	51.5314	50.934	50.8267	50.9995
81	51.8977	51.5387	50.9821	50.7885	51.0292
82	51.8849	51.5301	50.934	50.8136	51.0258
83	51.8975	51.5219	50.9622	50.8155	51.0146
84	51.9046	51.5079	50.9452	50.8241	50.9807
85	51.9131	51.5245	50.9285	50.8761	51.0526
86	51.9055	51.4828	50.955	50.8236	50.9882
87	51.9046	51.51	50.9385	50.8206	51.0109
88	51.8843	51.5303	50.9501	50.802	51.0428
89	51.9096	51.577	50.935	50.8431	50.9368
90	51.8811	51.5316	50.9657	50.8323	51.2292
91	51.8815	51.5369	50.9328	50.8338	51.1086
92	51.8816	51.5256	50.9585	50.815	50.9889
93	51.8459	51.5286	50.9238	50.8269	51.0229
94	51.8955	51.519	50.9567	50.7966	51.063
95	51.8636	51.5321	50.9525	50.837	51.0085
96	51.8898	51.5311	50.9399	50.8366	51.0395
97	51.8652	51.5265	50.9471	50.7997	51.003
98	51.8883	51.5042	50.9391	50.8055	50.9942
99	51.8582	51.5348	50.9558	50.7814	50.9781
100	51.8997	51.5594	50.942	50.841	51.0196
101	51.8891	51.5251	50.9304	50.8152	50.9728
102	51.852	51.5147	50.9411	50.8185	51.0045
103	51.8474	51.4871	50.9321	50.7882	50.9906
104	51.8802	51.5337	50.9275	50.8005	50.9932
105	51.8883	51.4979	50.943	50.8249	51.0128
106	51.8712	51.5437	50.9335	50.8193	51.0342
107	51.8939	51.5061	50.9433	50.8259	51.0384
108	51.8774	51.537	50.9365	50.8888	51.0479
109	51.8783	51.5253	50.9606	50.8188	51.0377
110	51.9186	51.5518	50.9457	50.8652	51.0317
111	51.8988	51.5127	50.9447	50.8349	51.0235
112	51.9205	51.513	50.9301	50.8679	51.0444
113	51.9069	51.5067	50.9522	50.7877	51.0466
114	51.9124	51.5159	50.9477	50.8029	51.0474
115	51.8879	51.5673	50.9498	50.8554	51.062
116	51.8882	51.5352	50.9679	50.8398	51.0365
117	51.8677	51.5314	50.9924	50.8098	51.029
118	51.8734	51.5439	50.9361	50.8485	51.0186
119	51.8769	51.5147	50.9459	50.7238	51.0114
120	51.8497	51.5177	50.9357	50.7874	51.0027
121	51.8507	51.5692	50.9825	50.7984	51.0162
122	51.8938	51.5162	50.9392	50.822	51.0046
123	51.8711	51.5304	50.9263	50.8104	51.0442
124	51.8772	51.4757	50.931	50.8087	50.9879
125	51.8619	51.5397	50.913	50.8099	51.0379
126	51.8811	51.5089	50.9814	50.8222	51.018
127	51.8839	51.5214	50.8937	50.8603	51.0275
128	51.8943	51.5258	50.96	50.8149	51.0208
129	51.9167	51.5232	50.9144	50.8659	51.0223
130	51.8775	51.5228	50.9247	50.8434	51.0344
131	51.8962	51.5262	50.9471	50.8295	51.0107
132	51.8878	51.5403	50.9095	50.8448	51.0541
133	51.895	51.5233	50.9592	50.7806	50.9576
134	51.8824	51.5198	50.9639	50.8597	50.9849
135	51.8934	51.5095	50.9474	50.7971	51.0505
136	51.849	51.5347	50.9406	50.8202	51.0206
137	51.8793	51.5045	50.9475	50.7945	51.0684
138	51.8661	51.5519	50.9681	50.8221	51.0261
139	51.9008	51.5013	50.9537	50.8207	51.003
140	51.8662	51.5355	50.9715	50.8485	51.0075
141	51.9175	51.566	50.953	50.8331	51.0043
142	51.8799	51.5433	50.9644	50.8121	51.0368
143	51.8817	51.5429	50.9415	50.8324	51.0318
144	51.8684	51.5451	50.9285	50.8133	51.0508
145	51.8822	51.4967	50.9164	50.8186	51.055
146	51.8846	51.5205	50.9366	50.8161	51.0508
147	51.8903	51.5046	50.9622	50.8211	51.0098
148	51.8989	51.5211	50.9633	50.8021	51.0488
149	51.887	51.5002	50.9195	50.8365	51.0503
150	51.8764	51.5347	50.966	50.7992	50.9682
151	51.8641	51.5032	50.9109	50.82	51.0462
152	51.9008	51.5511	50.9768	50.8143	51.0002
153	51.883	51.5211	50.9347	50.8189	51.0132
154	51.8845	51.5263	50.9415	50.8128	50.9855
155	51.9028	51.5106	50.9051	50.8198	50.9981
156	51.8541	51.5355	50.918	50.8449	51.038
157	51.8969	51.5032	50.9153	50.8188	51.0241
158	51.8625	51.5555	50.951	50.8319	51.06
159	51.9112	51.5095	50.9561	50.8293	51.042
160	51.8707	51.561	50.9816	50.83	51.0384
161	51.8811	51.5171	50.9632	50.819	51.0246
162	51.8601	51.5331	50.9579	50.8216	50.9819
163	51.884	51.5482	50.952	50.8055	51.0367
164	51.8676	51.5033	50.9772	50.8123	50.975
165	51.8843	51.5258	50.9478	50.823	51.0263
